29822 21391 
22558 69261 
65717 37547 
78441 45815 
29746 13212 
16889 46404 
44763 32476 
33498 13299 
56588 56111 
16772 22682 
63992 24500 
19195 49972 
41353 19801 41353 41349 41326 1083 1065 1064 1048 1058 1066 1022 1017 1013 1014 1010 1007 1008 1006 1027 1054 1063 1070 1073 1077 1075 1074 1076 1036 1059 1078 1072 1071 1087 1091 1113 1114 1115 1122 1120 1125 1123 1119 1124 1118 1121 1111 1097 1084 1068 1038 1080 1069 1067 1050 1049 1044 1029 1033 1032 19259 19258 19264 19262 19257 19251 19193 19165 19164 19139 19130 19128 19099 19101 19106 19144 19150 19152 19155 19148 19180 19161 19154 19151 19147 19143 19145 19158 19157 19174 19173 19170 19156 19172 19184 19182 19114 19103 19131 19133 19137 19199 19213 19233 19246 19248 19260 19283 19310 19305 19354 19356 19393 19492 19486 19484 19483 19488 19501 19502 19514 19692 19693 19699 19778 19768 19750 19752 19764 19749 19784 19786 19801
86745 66233 86745 86800 86825 86827 86839 86854 86909 21183 21199 21214 21218 21228 21244 21282 21284 21322 21325 21346 21374 21404 21442 21456 21454 21477 21484 21510 21529 21562 21568 21565 21596 21626 21637 21663 21678 21715 21745 21772 21798 21817 21855 21873 21912 21933 21958 21966 24082 24100 24162 24176 24194 24196 24217 24230 24233 24238 24242 24243 24253 24254 24255 24246 24241 24153 24046 24055 24053 24065 24066 24067 24071 24070 24057 24050 24051 24052 24056 24054 24049 24045 24042 24041 24040 24048 24190 24199 58131 58145 58151 58147 58148 58152 58153 58162 58170 58178 58185 58200 58223 58244 58270 58320 58355 58457 58544 58562 58552 58527 58494 58471 58468 58495 58497 58498 58500 58509 58514 58515 58554 58559 58563 58574 58599 58608 58614 58643 58630 58632 58637 58638 58635 58641 58648 58653 58692 58672 58656 58667 58668 58669 58664 58665 58694 58764 58766 58765 58762 58734 58730 58728 58714 58715 58705 64198 64197 64202 64183 64178 64176 64174 64175 64217 64214 64208 64200 64196 64201 64199 64193 64184 64192 64194 64207 64209 64210 64203 64189 64225 64229 64257 64242 64243 64245 64244 64256 64268 64291 64351 64349 64379 64438 64479 64368 64502 64513 64370 64359 64331 64340 64345 64336 64339 64341 64378 64396 64421 64445 64470 64489 64500 64582 64583 64617 64722 64725 64736 64727 64715 64767 64773 64770 64795 64840 64909 64951 64995 65009 65008 65000 64992 65070 65151 65177 65270 65311 65521 65588 65618 65625 65700 65751 65770 65778 65835 65830 65824 65819 65949 65959 66013 66060 66063 66145 66233
3075 15112 3075 3086 3120 3190 3207 3208 3197 3165 3180 3188 3189 3202 3206 3204 3205 3200 3199 3203 3209 3210 3186 3192 3231 3228 3248 3250 3256 3266 3274 71740 71739 71742 71732 71747 71751 71776 71808 71824 71850 71880 71894 71896 40605 40622 40644 40645 40661 40674 40676 40680 40689 40709 40717 40722 40730 40731 40736 40744 40747 40768 40784 40793 40796 40797 40811 40812 40817 40820 40819 40834 40839 40841 277 300 332 337 339 343 349 353 352 390 414 415 445 450 471 472 473 515 528 531 562 600 598 628 635 647 651 663 668 669 692 693 694 709 711 713 718 739 742 753 761 784 786 803 832 835 838 847 849 854 860 873 883 894 910 915 916 920 934 936 937 952 946 943 950 949 948 954 987 1005 1018 1029 1051 1055 19282 19334 19335 19340 19401 19413 19469 19611 19695 19720 19772 19834 19848 19852 19857 19888 19889 19894 19906 19917 19920 19924 19944 19950 19952 19953 19954 19966 19972 19979 19980 20033 20051 20093 20141 20150 20159 20180 20181 20182 20198 20240 20286 20291 20295 20311 20387 20388 20390 20413 20451 14327 14350 14418 14458 14506 14678 14719 14736 14781 14796 14823 14827 14826 14838 14856 14858 14863 14932 14955 14962 14991 14993 14994 15002 15030 15043 15046 15057 15059 15062 15117 15114 15113 15112
51677 65776 
61914 535 61914 61918 61925 61926 61931 61930 61929 61933 61928 61938 61960 61965 61973 61972 61958 61950 61952 61953 61961 61959 61954 61941 61942 61956 62009 62010 62012 62050 62060 62064 62086 62083 62084 62085 62067 62063 62068 62069 62074 62076 62073 62102 62107 62105 62106 3800 3802 3810 3820 3818 3828 3857 3873 3878 3884 3890 3889 3888 3886 3885 3875 3853 3844 3825 3824 3823 3822 3821 3827 3830 3856 3858 3872 3859 3860 3862 3863 3861 3855 3843 3866 3879 3877 3850 3848 3849 3852 3845 3834 3838 3839 3842 3883 3881 3880 3924 3938 3926 41117 41114 41110 41109 41108 41111 41107 41105 41098 41092 41091 41089 41086 41047 41041 41042 41046 41058 41054 41053 41055 41062 41065 41119 41121 41128 41177 41183 41182 41181 41180 41179 41169 41134 41122 41118 41095 41093 41083 41082 41075 41070 41077 41063 41059 41066 41060 41064 41067 645 680 682 708 715 727 728 730 731 741 750 751 756 755 765 763 725 714 698 695 689 678 676 663 668 669 662 653 646 641 640 619 606 599 596 595 591 566 565 556 555 567 561 558 559 560 568 569 571 553 538 535
31522 26232 
85816 16224 
37199 2448 
64410 4555 
53539 37005 
13432 13672 
69270 48196 
44404 34175 
1045 13152 
57517 19075 57517 57516 57534 57532 57533 57521 57523 57522 57524 57528 57552 57583 57611 57627 57637 57665 57660 57643 57629 57623 57621 57625 57626 57622 57619 57617 57613 57616 57714 57716 57722 57697 57700 57750 57752 57753 57754 57755 57751 38921 38923 38922 38925 38985 38997 39008 39019 39026 39064 39065 39074 39081 39088 39096 39102 39119 39134 39141 39148 39190 39195 39196 39201 39216 39237 39242 39285 39317 39328 39331 39333 39343 39350 39410 39428 39461 39467 39468 39470 39492 39510 39513 39519 39533 39560 39601 39612 39627 39626 39697 39708 39718 39715 39789 39801 39819 39827 39844 39852 39866 39872 39927 39938 39970 39991 40022 40059 40065 40123 40136 40139 40140 40197 40223 40228 40229 40241 40277 40290 40323 40342 40363 40376 40393 40394 40402 40411 40440 40442 40463 40467 40498 40524 40586 40590 25836 25892 25896 25897 25923 25921 25922 25968 25998 26008 26032 26038 26072 26165 26185 26195 26217 26242 26252 26259 26268 26276 21194 21193 21195 21203 21206 21213 21281 21396 21407 21413 21485 21503 21508 21515 21659 21820 21869 21870 21882 21907 21955 22042 22061 22244 22272 22346 22356 22432 22435 22453 22472 22487 22544 22549 22595 22621 22626 22629 22637 22640 22648 22658 22675 22710 22771 22794 22799 22815 22842 22867 22880 22888 22892 22893 22897 22909 22993 23018 23037 23038 23041 23053 23052 23051 23071 23073 23074 23100 23150 23191 23192 23249 23253 23279 23292 23293 23297 23316 23319 23336 23338 23368 23402 23404 23406 23444 23445 23468 23535 23576 23592 23603 23605 23607 23672 23761 23755 23746 23745 23747 23750 25665 25667 25668 25764 25766 25776 25785 25796 25798 25800 25815 25822 29779 29800 29822 29834 29840 29847 30001 30085 30148 30164 30170 30189 30197 30240 30249 30282 30297 30497 30518 30522 30556 30560 30568 30634 30638 30641 30654 70001 70076 70078 70128 70141 70198 70224 70228 70234 70260 70301 70321 70368 70399 70429 70459 70507 70548 70571 70581 70585 70618 70634 70640 70680 70732 70768 70899 70917 70921 70948 71015 71026 71035 71033 71065 71046 71045 71049 71113 71163 71164 71169 71170 71183 71184 71309 71347 71360 71412 71468 71482 71648 71663 71754 71769 71812 71834 71856 71863 71875 71884 71888 71897 17194 17206 17223 17234 17241 17263 17281 17292 17284 17283 17303 17302 17299 17296 17300 17297 17313 17314 17301 17298 17294 17356 17363 17413 17506 17509 17541 17561 17571 17579 17585 17586 17581 17584 17582 17589 17599 17605 17672 17718 17749 17777 17838 17854 17876 17902 17927 17918 17941 17975 18010 18024 18028 18033 18047 18182 18223 18341 18342 18388 18413 18523 18531 18532 18529 18572 18629 18655 18660 18662 18671 18778 18785 18791 18806 18863 18892 18940 18968 19075
31293 76899 
78353 42618 
49617 87152 
35832 44549 
13508 85700 
26140 81689 26140 26138 26145 26147 26148 26161 26171 26191 26220 26218 26233 26261 26263 26295 26315 26348 26350 26352 26353 26402 26425 26449 26452 26471 26486 26509 26560 26559 26563 26542 26544 26541 26517 26515 26499 26500 26522 26528 26531 26530 26619 26601 26653 26654 21779 21780 21790 21823 21840 21878 21874 21875 21876 21877 21882 21896 21898 21897 21899 21900 21895 21893 21892 21880 21881 21884 21883 21909 21942 21939 21938 21935 21929 21932 21954 21951 21959 21969 21999 22019 22035 22043 22068 22076 22089 22092 22091 22090 22104 22130 22133 22132 22131 22134 22129 22138 24295 24301 24302 24300 24303 24304 24309 24311 24310 24325 24335 24338 24347 24352 24359 24362 24361 24367 24369 24385 24388 24390 24400 24409 24425 24426 24430 24442 24443 24441 24444 24448 24454 24467 24466 24464 24469 24465 24488 24497 24506 24518 24532 24554 24561 24566 24573 24605 59273 59301 59318 59342 59380 59396 59395 59400 59399 59392 59401 59403 59402 59414 59472 59473 59483 59510 59528 59532 59525 59526 59536 59541 59551 59588 59595 59599 59612 59611 59633 59649 59720 59745 59776 59782 59802 59795 59794 59793 59807 59810 59809 59828 59851 59882 59915 59919 59928 59937 59961 59966 60040 60068 60076 60090 60096 60145 60188 60189 60191 60190 60229 60226 60256 60263 60326 60344 60361 60362 60358 60447 60423 60400 60402 60403 60404 60405 60411 83990 83994 83999 84006 84012 84019 84018 84026 84037 84043 84054 84066 84067 84065 84068 84064 84063 84061 84060 84059 84058 84057 84076 84087 84086 84072 84070 84071 84078 84084 84091 84092 84089 84102 84103 84109 84112 84114 84119 84120 84116 84125 84140 84154 84157 80030 80071 80077 80078 80086 80092 80099 80096 80108 80135 80152 80191 80201 80231 80232 80243 80248 80337 80371 80373 80424 80532 80533 80535 80561 80571 80587 80598 80600 80606 80613 80633 80636 80653 80661 80664 80669 80673 80680 80691 80750 80794 80836 80840 80877 80916 80935 80946 80962 80989 81008 81045 81049 81168 81177 81200 81269 81340 81418 81424 81509 81638 81654 81674 81689
37447 57528 
12159 40581 
13760 15187 
6854 30858 6854 6894 6826 6830 6833 6921 6974 7038 7247 7331 7346 7403 7404 7405 7410 7426 7450 7506 7588 7590 7602 7605 7604 7603 7606 7608 7607 7632 7644 7650 7651 7652 7646 7648 7647 7655 7707 7729 7734 7744 7747 7746 7775 7780 7796 7797 7800 7822 7824 7826 7823 7832 7828 7827 7836 7844 7843 7835 7708 7559 7558 46012 46013 46014 1782 1791 1792 1773 1781 1786 1775 1778 1799 1787 1766 1771 1774 1768 1784 1788 1785 1783 1772 1779 1780 1805 1807 1809 1814 1813 1819 1818 1816 1808 1804 1789 1777 1765 48032 48028 48023 48022 48021 48020 48014 48013 48027 48037 48059 48069 48107 48131 48139 48165 48166 48232 48303 48324 48321 48299 48294 48292 48259 48252 48198 48223 48226 48227 48228 48229 48234 48240 48257 48262 48267 48269 48273 48280 48283 48288 48291 48249 48219 48233 48306 48314 48317 48315 48318 48322 48325 48333 48338 48332 48371 48405 48411 48408 48416 48417 48418 48421 48422 48423 48424 48426 48427 48428 72203 72213 72224 72256 72296 72299 72309 72310 72323 72327 72373 72386 72433 72448 72465 72458 72462 72464 72483 72440 72408 72402 72401 72398 72456 72455 72481 72459 72480 72526 72522 72457 72496 72518 72659 72703 72725 72756 72754 72757 72780 72792 72819 72915 72995 73051 73231 73240 73246 73317 73405 73413 73364 73343 73342 73344 73369 73370 73345 73353 73349 73350 73351 73348 73352 73354 73357 73355 73356 73359 73358 73361 73360 73365 73393 73399 73400 73389 73425 73452 73474 73472 73479 73461 73482 73497 73502 73486 73495 73504 73509 73503 73501 73476 73455 73451 73458 73473 73478 73496 73510 73539 73739 73742 73746 73748 73752 73755 73768 73779 73851 73920 73956 73951 73969 74089 74090 74091 74146 74149 74158 74164 74167 74168 74175 74183 74201 74204 74222 74224 74240 74234 74230 74225 74226 74227 74223 74157 74144 74142 74143 74147 74170 74249 74275 74284 74290 30922 30938 30941 30943 30940 30939 30934 30914 30908 30895 30864 30861 30859 30856 30858
2737 2280 
61375 9368 
75260 73529 
83834 12720 
45652 29266 45652 45642 45630 45633 45634 45624 78759 78758 78764 78780 78782 78794 78808 78809 78810 78812 78817 78820 78823 78828 78827 78826 78829 78833 78838 78840 78841 78842 78837 78836 78850 78856 78815 87508 87507 87506 87500 87502 87488 87477 87470 87468 87463 87449 87446 87444 87448 87450 87457 87458 87454 87445 87442 87441 87437 87438 87435 87432 87433 87434 87420 87417 87407 87400 87398 87391 87390 87396 87393 87388 87394 87392 87414 87418 87431 87453 87475 87478 87486 87490 87492 87495 87554 87553 87555 87556 87551 87550 87549 87532 87531 87521 45058 45030 45013 45009 45010 45025 45114 45129 45130 45131 45126 45128 45152 45178 45179 45159 45150 45149 45117 45116 45115 45113 45111 45074 45077 45086 45110 45153 45204 45220 45266 45339 45341 45342 45343 45355 45358 45360 45366 45376 45371 45365 45357 45334 45298 45281 45245 45233 45229 45227 45225 45223 45221 45218 45212 45207 45122 45036 45059 45060 45061 45034 45023 45022 45027 45028 45026 45024 44991 44995 44997 44994 44992 44996 45002 45016 45021 45017 45018 45019 45020 45015 27178 27175 27174 27176 27205 27239 27243 27246 27242 27248 27245 27253 27254 27255 27258 27289 27288 27292 27290 27291 27236 27234 27233 27232 27238 27249 27250 27251 27244 27247 27252 27268 27271 27262 27260 27263 27259 27261 27269 27272 27274 27264 27279 27277 27266 27265 27267 27285 27293 27294 27297 27299 27300 27301 27305 27306 27335 27336 27338 27339 27343 27346 22548 22547 22543 22541 22563 22594 22596 22597 22598 22614 22619 22624 22625 22628 22630 22631 22633 22634 22636 22642 22638 22640 22648 22658 22656 22654 22655 22662 22667 22694 22703 22704 22731 22763 22765 22768 22770 22807 22836 22844 22849 22856 22863 22870 22896 22901 22912 22913 22911 22914 22930 22932 22934 22933 22927 22928 22924 22925 22915 22916 24862 24863 24864 24885 24890 24897 24913 24919 24942 24940 24949 24974 24991 25022 25061 25078 25088 25106 25117 25115 25128 25127 25136 25146 25147 25148 25149 25150 25151 25185 25193 25194 25224 25271 25283 25290 25294 25332 25373 25374 25383 25393 25397 25405 25403 25410 25409 25412 60408 60412 60413 60414 60424 60437 60456 60443 60445 60441 60468 60485 60513 60516 60522 60526 60528 60527 60530 60532 60534 60535 60536 60541 60537 60518 60560 60576 60644 60646 60679 60680 60682 60687 60690 60701 60702 60699 60708 60709 60714 60720 60730 60727 60726 60725 60724 29247 29248 29249 29268 29266
23053 78089 
17734 75372 
10023 76965 10023 10019 9996 9980 9934 9912 9828 9830 9793 9702 9655 9600 9583 9593 9555 9514 9419 9417 9406 9403 9364 9363 9362 9360 9359 9372 9413 9428 9470 9469 9497 9544 9562 9586 9597 9661 9672 9759 9787 9802 9829 9833 9832 9831 9837 9850 9851 9853 9900 9914 9915 9855 9920 9967 9984 10323 10344 10511 10544 10551 10586 10594 10629 10636 10638 10658 10662 10769 10767 10666 10843 10845 10844 10842 10840 10841 10846 1998 1964 1962 1961 1963 2033 2071 2143 2215 2126 2135 2141 2131 2127 2124 2121 2122 2123 2125 2120 2130 2132 2133 2147 2162 2160 2161 2163 2167 2165 2166 2164 2168 2186 2185 2188 2205 2206 2207 2208 2209 2210 2201 2184 2182 2181 2176 2156 2155 2238 2235 2240 2242 2261 2271 2351 2341 2297 2262 2231 2263 2292 2294 2338 2396 2402 2404 2415 2416 2429 2462 48621 48648 48651 48656 48659 48700 48712 48711 48703 48702 48697 48696 48708 48704 48689 48681 48683 48682 48687 48693 48715 48722 48724 48727 74876 74945 74957 75011 75012 75029 75039 75050 75142 75137 75113 75126 75107 75108 75109 75123 75145 75179 75204 75219 75223 75237 75317 75369 75372 75376 75480 75573 75711 75712 75686 75689 75670 75662 75707 75724 75727 75735 75776 75780 75781 75782 75784 75785 75786 75795 75802 75854 75870 75859 75889 75882 75923 75983 75986 75990 76061 76034 76065 76077 76236 76231 76252 76254 76255 76270 76281 76286 76290 76343 76353 76248 76400 76408 76392 76375 76369 76363 76361 76357 76358 76365 76362 76370 76373 76377 76382 76380 76378 76389 76401 76406 76427 76511 76514 76522 76516 76515 76387 76411 76419 76459 76470 76472 76466 76465 76462 76460 76445 76447 76469 76467 76471 76489 76505 76619 76625 76663 76698 76728 76768 76778 76821 76834 76842 76878 76897 76930 76954 76955 76953 76960 76975 76978 76973 76974 76977 76965
78046 26975 
50790 84496 
58659 9238 
42336 78752 
7777 37978 
82501 47420 82501 82502 82504 82514 82497 82484 82485 82486 82482 82472 82460 82444 82448 82449 82446 82447 82419 82389 20503 20500 20501 20502 20506 20507 20512 20515 20516 20517 20518 20519 20520 43995 44037 44044 44050 44051 44055 44061 44060 44058 44085 44091 44092 44101 44127 44126 44109 44125 44102 44106 44108 44104 44103 44112 44117 44116 44115 44114 44113 44122 44124 44164 44162 44141 44191 44207 44300 44330 44322 44253 44251 44331 44371 44372 44378 44373 44361 44357 44356 44346 44343 44325 44320 44313 44312 44302 44267 44252 44254 44282 44314 44318 44319 44389 44394 44383 44385 44382 44388 44391 44399 44400 44408 44414 44418 44431 44445 86929 69394 69408 69410 69412 69426 69469 69473 69475 69476 69477 69478 69490 69492 69565 69566 69576 69578 69579 69588 69592 69594 69617 69622 69630 69717 69736 69734 69788 69778 69786 69783 69806 69811 69828 69832 69850 69864 69881 69896 69897 69903 69942 44463 44472 44476 44477 44480 44487 44486 44497 44496 44501 44502 44503 44508 44510 44511 44514 44528 44535 44537 44539 44553 44552 44551 44550 44549 26369 26370 26383 26398 26453 26451 26457 26485 26488 26537 26536 26540 26564 26569 26575 26570 26511 26508 26514 26527 26535 26549 26550 26543 26547 26548 26556 26545 26546 26551 26565 26574 26591 26602 26598 26597 26585 26582 26594 26595 26586 26596 26579 26578 26581 26603 26604 26590 26592 26593 26609 26616 26623 26620 26624 26622 26621 26627 26629 26630 26631 26632 26634 26633 26645 26646 26693 26714 26721 26724 26718 26719 26720 26705 26699 26698 26697 21809 21803 21790 21823 21840 21878 21874 21875 21876 21877 21882 21896 21898 21897 21899 21900 21895 21893 21892 21880 21881 21884 21883 21909 21942 21939 21938 21935 21929 21932 21954 21951 21959 21969 21999 22019 22035 22043 22068 22076 22089 22092 22091 22090 22104 22130 22133 22132 22131 22134 22129 22138 24295 24301 24302 24300 24303 24304 24309 24311 24310 24325 24335 24338 24347 24352 24359 24362 24361 24367 24369 24385 24388 24390 24400 24409 24425 24426 24430 24442 24443 24441 24444 24448 24454 24456 24455 24461 24468 24474 24477 24478 24479 24515 58975 59072 59075 59090 59099 59121 59148 59147 59129 59126 59127 59125 59136 59137 59134 59133 59143 59128 59124 59135 59138 59144 59151 59156 59205 59212 59227 59228 59239 59238 59232 59229 59231 59221 59224 59210 59216 59174 59189 59191 59193 59196 59223 59234 59243 59327 59338 59352 59354 59363 59377 59390 59407 59418 59428 59433 59441 59449 59456 59455 59457 59462 59460 59464 59511 59505 59545 59553 59614 59636 59642 59644 83797 83796 83794 83793 83790 83801 83809 83810 83811 66575 66480 66403 66358 66329 66328 66297 66373 66371 66389 66468 66498 66500 66549 66502 66494 66448 66435 66397 66277 66399 66400 66417 66422 66430 66439 66479 66531 66544 66540 66487 66554 66786 66800 66865 66883 66891 66930 66681 66682 66905 66821 66679 66622 66591 66573 66523 66505 66386 66376 66253 66204 66141 66142 66143 66224 66227 66258 66249 66191 66200 66221 66235 66190 66181 66179 66199 66205 66207 66208 66209 66213 66144 66136 66175 66320 66368 66374 66423 66608 66631 66763 66748 66747 66738 66712 66710 66694 66730 66769 66794 66812 66901 66945 66939 66937 66974 67000 67003 67005 67011 67018 67020 67027 67039 67040 47387 47393 47394 47411 47410 47417 47422 47426 47430 47432 47420
11102 34256 
13678 2917 
78683 54616 
51940 57014 
74003 2212 
21437 3551 
66239 3595 
84175 2643 
68916 8448 
37249 29898 
54053 31348 
12762 45942 
37851 60071 
18750 71700 
24646 67839 24646 24669 24695 24708 24749 24775 24832 24845 24855 24920 24961 25035 25043 25081 25124 25199 25239 25292 25354 25372 25399 25407 25410 25463 25465 25468 29182 29200 29208 29215 29219 29223 29225 29227 29231 29233 29239 29261 29323 29350 29394 29403 29405 29406 29440 29450 29471 29495 29517 29576 29578 29615 29626 29634 29651 29668 29698 29748 29781 29787 29811 29851 29862 29876 29932 29956 30019 30048 30057 30067 30156 30175 30222 30255 30285 30287 30292 30316 30458 30463 30466 30470 30572 30577 30611 30658 30666 30667 81912 70000 70012 70030 70138 70186 70203 70294 70296 70378 70380 70418 70387 70382 70381 70375 70383 70394 70427 70496 70505 70510 70549 70601 55112 55249 55432 55499 55585 55740 55741 55822 55858 55889 55890 55891 55907 55989 56041 56045 56100 56151 56146 56145 56182 56203 56235 56234 56313 56318 56337 56338 56351 56359 56373 56374 56376 56384 56399 56462 56489 56483 56484 56517 56525 56617 56637 67796 67791 67800 67795 56712 56711 56736 67837 67839
8353 83511 
13525 59820 
75387 30321 
61086 10409 
16094 71665 
85706 23806 
61246 4314 
56440 32041 
19338 63490 
17757 48855 
39696 55530 39696 39714 39708 39718 39715 39717 39727 39726 39744 39730 39731 39732 39741 39739 39738 39737 39725 39724 84909 84908 84906 84905 84907 84914 84932 84936 84940 84959 84960 84961 84962 84986 85007 85019 85018 85022 85029 85025 85043 85044 85048 85047 85051 85054 85058 85060 85073 85074 85147 85169 85183 85307 85349 85367 85454 85466 85510 85544 85557 85560 85565 85572 85614 85627 85651 85687 85703 85795 85811 85831 85842 85855 85878 85901 85911 86004 86039 86082 86118 86144 86168 86176 86199 86207 86209 86222 86306 86359 86419 86541 86570 86584 86613 86639 86702 86713 86725 86758 86774 86791 86793 86794 86822 86823 86891 21180 21217 21221 21226 21237 21238 21273 21274 21285 21311 21364 21388 21409 21414 21423 21431 21462 21469 21474 21475 21512 21532 21530 21534 21529 21562 21568 21565 21596 21626 21637 21663 21678 21715 21745 21772 21798 21817 21855 21873 21912 21933 21958 21963 24082 24160 24170 24193 24208 24213 24251 24263 24295 24301 24345 24351 24380 24401 24424 24434 24526 24574 24591 24617 24634 24653 24676 24699 24707 24740 24782 24805 24842 24901 24911 24932 24950 24956 24979 25003 25018 25026 25048 25065 25072 25092 25096 25100 25110 25133 25140 25148 25154 25169 25176 25189 25202 25205 25216 25229 25240 25247 25287 25314 25331 25358 25378 25386 25401 25413 25418 25430 25460 25484 25493 25506 25508 25514 25548 25554 25572 25589 25610 25623 25651 25657 25662 25671 25681 25683 25700 25704 25713 25726 25728 25733 29420 29429 29432 29437 29451 29465 29477 29509 29604 29643 29652 29661 29680 29696 29722 29739 29807 29836 29837 29841 29900 29968 29972 30006 29996 29995 30000 29999 30002 30004 30005 30007 30012 30015 30023 30039 30062 30066 30081 30114 30121 30130 30172 30171 30175 30222 30255 30285 30287 30292 30316 30458 30463 30466 30470 30572 30577 30611 30564 30524 30598 81697 81696 81752 81751 81748 81877 81878 81870 81875 81879 81893 81906 81910 70003 70005 70011 70006 70007 70008 70034 70045 70066 70120 54729 54815 54839 54842 54847 54855 54875 54883 54893 55201 55250 55322 55514 55550 55552 55556 55613 55628 55650 55654 55684 55699 55695 55664 55643 55530
83315 60986 83315 83316 83317 83321 83382 83405 83418 83420 83423 83437 83460 83472 83484 83488 83491 83502 83529 83546 83545 83544 83562 83565 83573 83579 83597 83612 83670 83669 62165 62166 62167 62171 62169 62218 62240 62245 62243 62231 62232 62234 62237 62258 62267 62290 62494 62552 62549 62553 62555 62565 62572 62574 62579 62586 62600 62707 62712 62968 62978 62979 62981 62982 62987 62989 63094 63116 63120 63139 63216 63220 63231 63236 63239 63241 63244 63250 63253 20674 20680 20692 20724 20737 20738 20744 20747 20751 20766 20775 20787 20845 20852 20858 20857 20856 20862 20866 20867 20864 20861 20865 20869 20883 20886 20889 20897 20902 20943 20956 20972 20974 20978 20982 20990 21002 20998 20999 21005 21007 21015 21075 21078 21080 21081 21079 21082 21083 21097 21107 21108 21117 21116 21113 21112 21114 21115 21110 21158 21167 78758 78764 78780 78782 78794 78808 78809 78810 78812 78817 78820 78823 78828 78827 78826 78829 78833 78838 78840 78841 78842 78837 78836 78850 78856 78815 87508 87507 87506 87500 87502 87488 87477 87470 87468 87463 87449 87446 87444 87448 87450 87457 87458 87454 87445 87442 87441 87437 87438 87435 87440 87570 11385 11401 11467 11471 11472 11470 11469 11468 11475 11460 11477 11500 11509 11553 11558 11561 11639 11670 11644 11647 11851 11895 11892 11914 11911 11909 11912 11899 11973 11975 11946 11922 11920 11919 11918 11917 11916 11915 11937 11938 11931 11939 11943 11941 11935 11942 11929 11923 11921 11933 11924 11925 11928 11932 11934 11930 11945 11979 12166 12225 12238 12237 12239 12243 12244 12374 12386 12445 12446 12477 12503 12505 12561 12609 12614 12618 12617 12628 12631 12633 28544 28546 28563 28562 28531 28530 28540 28537 28548 28547 28550 28551 28552 28588 28628 28632 28647 28648 28651 28652 28655 28659 28660 28667 28818 28819 28820 28815 28811 28806 28786 28783 28778 28792 28871 28886 28895 28930 28971 28969 28968 28990 28988 28996 28995 29001 29084 29093 29138 60775 60801 60804 60823 60862 60863 60861 60869 60870 60871 60872 60865 60884 60900 60941 60948 60972 60973 60974 60981 60986
30372 42087 
2118 48767 
17179 86660 
6260 71924 
41032 66908 
17657 49650 
8305 78834 
53914 54406 
7939 78072 7939 7940 7938 7937 7936 7935 7934 7933 7943 7958 7978 7995 8005 8015 8018 8017 8019 8028 8031 8033 8041 8059 8145 8191 8404 8421 8697 8719 8766 8794 8836 8929 8928 8927 9085 9074 9077 9109 9110 9162 9217 9280 9332 9391 9548 9550 9598 9825 9853 9900 9914 9915 9855 9920 9967 9984 10323 10344 10511 10544 10551 10586 10594 10629 10636 10638 10658 10662 10769 10767 10666 10843 10845 10844 10842 10840 10841 10846 1998 1964 1962 1961 1963 2033 2071 2143 2215 2126 2135 2141 2131 2127 2124 2121 2122 2123 2125 2120 2130 2132 2133 2147 2162 2171 2172 2173 2174 2175 2177 2166 2164 2168 2186 2185 2188 2205 2206 2207 2208 2209 2210 2201 2184 2182 2181 2176 2156 2155 2238 2235 2240 2242 2261 2271 2351 2341 2297 2262 2231 2263 2292 2294 2338 2396 2402 2404 2415 2416 2429 2462 48621 48648 48651 48656 48659 48700 48712 48711 48703 48702 48697 48696 48708 48704 48689 48681 48683 48682 48687 48693 48715 48722 48724 48727 74876 74945 74957 75011 75012 75029 75039 75050 75142 75137 75113 75126 75107 75108 75109 75123 75145 75179 75204 75219 75223 75237 75317 75369 75372 75376 75480 75573 75711 75712 75830 76026 76224 76222 76275 76235 76219 76143 76144 76145 76148 76140 76137 76135 76132 76128 76118 76396 76397 76430 76478 76464 76633 76772 77157 77606 77641 77709 77702 77705 77704 77682 77777 77820 77843 77837 77851 77909 77982 78051 78057 78058 78065 78069 78078 78095 78080 78072
13343 19185 
22111 41201 
34734 35426 
77426 5930 
31678 73677 
17675 52365 
78037 20685 
62670 16816 
67905 17602 
3360 75467 
40780 30572 
64399 51396 
83099 80715 83099 83102 83127 83162 83179 83185 83199 83211 83228 83234 83242 83254 83285 83331 83348 83356 83366 83362 83369 83402 83417 83377 83419 83425 83426 83429 83428 83430 83436 83438 83445 83452 83455 83470 83471 83475 83483 83484 83488 83491 83502 83529 83546 83545 83544 83562 83565 83573 83579 83597 83612 83670 83669 62165 62166 62167 62171 62169 62218 62240 62245 62243 62231 62232 62234 62237 62258 62267 62290 62494 62552 62549 62553 62555 62565 62572 62574 62579 62586 62600 62707 62712 62968 62978 62979 62981 62982 62987 62989 63094 63116 63120 63139 63216 63220 63231 63236 63239 63241 63244 63250 63253 20674 20680 20692 20724 20737 20738 20744 20747 20751 20766 20775 20787 20845 20852 20858 20857 20856 20862 20866 20867 20864 20861 20865 20869 20883 20886 20889 20897 20902 20943 20956 20972 20974 20978 20982 20990 21002 20998 20999 21005 21007 21015 21075 21078 21080 21081 21079 21082 21083 21097 21107 21108 21117 21116 21113 21112 21114 21115 21110 21158 21167 78758 78764 78780 78782 78794 78808 78809 78810 78812 78817 78820 78823 78828 78827 78826 78829 78833 78838 78840 78841 78842 78837 78836 78850 78856 78815 87508 87507 87506 87500 87502 87488 87477 87470 87468 87463 87449 87446 87444 87448 87450 87457 87458 87454 87445 87442 87441 87437 87438 87435 87432 87433 87434 87420 87417 87407 87400 87398 87391 87390 87396 87393 87388 87394 87392 87414 87418 87431 87453 87475 87478 87486 87490 87492 87495 87554 87553 87555 87556 87551 87550 87549 87532 87531 87521 45058 45030 45013 45009 45010 45025 45114 45129 45130 45131 45126 45128 45152 45178 45179 45159 45150 45149 45117 45116 45115 45113 45111 45074 45077 45086 45110 45153 45204 45220 45266 45339 45341 45342 45343 45355 45358 45360 45366 45376 45371 45365 45357 45334 45298 45281 45245 45233 45229 45227 45225 45223 45221 45218 45212 45207 45122 45036 45059 45060 45061 45034 45023 45022 45027 45028 45026 45024 44991 44995 44997 44994 44992 44996 45002 45016 45021 45017 45018 45019 45020 45015 27178 27175 27174 27176 27205 27239 27243 27246 27242 27248 27245 27253 27254 27255 27258 27289 27288 27292 27290 27291 27236 27234 27233 27232 27238 27249 27250 27251 27244 27247 27252 27268 27271 27262 27260 27263 27259 27261 27269 27272 27274 27264 27279 27277 27266 27265 27267 27285 27293 27294 27297 27299 27300 27301 27305 27306 27335 27336 27338 27339 27343 27346 22548 22547 22543 22541 22563 22594 22596 22597 22598 22614 22619 22624 22625 22628 22630 22631 22633 22634 22636 22642 22638 22640 22648 22658 22656 22654 22655 22662 22667 22694 22703 22704 22731 22763 22765 22768 22770 22807 22836 22844 22849 22856 22863 22870 22896 22901 22912 22913 22911 22914 22930 22932 22934 22933 22927 22928 22924 22925 22915 22916 24862 24863 24864 24885 24890 24897 24913 24919 24942 24940 24949 24974 24991 25022 25061 25078 25088 25106 25117 25115 25128 25127 25136 25146 25147 25148 25149 25150 25151 25185 25193 25194 25224 25271 25283 25290 25294 25332 25373 25374 25383 25393 25397 25405 25403 25410 25409 25412 60408 60412 60413 60414 60424 60437 60456 60443 60445 60468 60485 60513 60516 60522 60526 60528 60527 60530 60532 60534 60535 60536 60541 60537 60518 60560 60576 60644 60646 60679 60680 60682 60687 60690 60701 60702 60699 60708 60709 60714 60720 60730 60727 60726 60725 60724 60722 60729 60733 60738 60739 60740 60743 60744 60746 60748 60749 60750 60751 60770 60771 84257 84250 84244 84242 84247 84246 84236 84230 84256 84245 84251 84255 84228 84243 84248 84269 84275 84274 84285 84316 84311 84318 84317 84315 84326 84329 84330 84332 84335 84338 84339 84341 84362 84370 84371 84379 84390 84398 84400 84415 84412 84405 84424 84427 84447 84463 84467 84451 84459 80469 80448 80460 80472 80480 80486 80447 80438 80432 80434 80430 80417 80420 80464 80471 80479 80481 80499 80506 80508 80511 80510 80611 80615 80619 80663 80667 80698 80656 80679 80723 80734 80643 80631 80705 80703 80708 80720 80712 80711 80704 80684 80659 80655 80665 80657 80661 80664 80666 80675 80688 80689 80685 80702 80701 80694 80699 80729 80709 80721 80732 80713 80671 80662 80658 80640 80647 80715
