85.7 23741 23768 23768 23754 23753 23752 23751 23737 23741 

5042 57134 57184 57184 57182 57183 57198 57221 57222 57260 57279 57294 57297 57333 57337 57341 57349 57354 57451 57462 57463 57466 57477 57487 57490 57499 57508 57506 57507 57512 57542 57540 57573 57603 57604 57605 57632 57655 57669 57674 57675 57676 57679 57680 57686 57698 38898 38904 38907 38905 38903 38902 38925 38985 38997 39008 39019 39026 39064 39065 39074 39081 39088 39096 39102 39119 39134 39141 39148 39190 39195 39196 39201 39216 39237 39242 39285 39317 39328 39331 39333 39343 39350 39410 39428 39461 39467 39468 39470 39492 39510 39513 39519 39533 39560 39601 39612 39627 39626 39628 39629 39636 39630 39665 39656 39663 39666 39668 39658 39660 39659 39661 39657 39654 39664 39690 39725 39724 84909 84908 84906 84905 84907 84914 84932 84936 84940 84959 84960 84961 84962 84986 85007 85019 85018 85022 85029 85025 85043 85044 85048 85047 85051 85054 85058 85060 85073 85074 85147 85169 85183 85307 85349 85367 85454 85455 85467 85510 85544 85557 85560 85565 85572 85614 85627 85651 85687 85703 85795 85811 85831 85842 85855 85878 85901 85911 86004 86039 86082 86118 86144 86168 86176 86199 86207 86209 86222 86306 86359 86419 86541 86570 86584 86613 86639 86702 86713 86725 86758 86774 86791 86793 86794 86822 86823 86891 21180 21217 21221 21226 21237 21238 21273 21274 21285 21311 21364 21388 21409 21414 21423 21431 21462 21469 21474 21475 21512 21532 21530 21534 21529 21562 21568 21565 21596 21626 21637 21663 21678 21715 21745 21772 21798 21817 21855 21873 21912 21933 21958 21963 24082 24160 24170 24193 24208 24213 24251 24263 24295 24301 24345 24351 24380 24401 24424 24434 24526 24574 24591 24617 24634 24653 24676 24699 24707 24740 24782 24805 24842 24901 24911 24932 24950 24956 24979 25003 25018 25026 25048 25065 25072 25092 25093 25098 25100 25110 25133 25140 25148 25149 25150 25151 25185 25193 25194 25224 25271 25283 25290 25294 25332 25373 25374 25383 25393 25397 25405 25403 25410 25409 25412 60408 60412 60413 60414 60424 60437 60456 60443 60445 60468 60485 60513 60516 60522 60526 60528 60527 60530 60532 60534 60535 60536 60541 60537 60518 60560 60576 60644 60646 60679 60680 60682 60687 60690 60701 60702 60699 60708 60709 60714 60720 60730 60727 60726 60725 60724 29247 29248 29249 29268 29303 29304 29312 29319 29317 60749 60750 60751 60770 60771 84257 84250 84244 84240 84238 84237 84246 84236 84281 84289 84336 84345 84404 84403 84402 84408 84423 84435 84440 84480 84498 84499 84508 84510 84518 84524 84541 84540 84545 84547 84558 84560 84566 84571 84568 84570 84573 84572 84569 84565 84562 81021 81048 81091 81266 81352 81386 81401 81416 81432 81447 81546 81694 81807 81825 54577 54584 54602 54614 54625 54632 54638 54745 54810 54843 54896 54914 54901 54907 54909 54928 54955 54963 54998 55066 55088 55092 55096 55098 55271 55419 55437 55488 55596 55704 55916 55926 55939 55985 56000 56046 56089 56092 56147 56389 56553 56556 56585 56594 56631 56642 56683 56715 56746 56744 56743 56759 56769 56777 56795 56821 56829 56893 56980 56983 56988 56998 57028 57030 57063 57066 57089 57102 57116 57109 57110 57112 57118 57127 57134 

5.2 73514 73538 73538 73535 73532 73523 73508 73498 73491 73505 73512 73514 

1056.5 57615 57648 57648 57646 57640 57641 57642 57666 57677 57725 57743 57731 57744 57732 57748 57758 57765 57781 57799 57800 57784 57777 57778 57771 57770 57767 57728 57730 57690 57723 57693 57644 57645 57647 57637 57665 57660 57643 57629 57623 57621 57625 57626 57622 57619 57617 57613 57616 57714 57716 57722 57697 57700 57699 57703 57704 57705 57706 57681 57662 57630 57634 57632 57633 57614 57615 

172.7 9351 9450 9450 9480 9560 9597 9586 9562 9544 9497 9469 9470 9374 9345 9278 9245 9172 9169 9155 9156 9157 9160 9166 9182 9116 9073 9081 9038 9031 9028 9027 9063 9079 9059 9060 9055 9029 9034 9036 9039 9040 9119 9122 9174 9167 9185 9177 9151 9165 9180 9178 9168 9152 9171 9187 9158 9193 9250 9241 9290 9276 9279 9284 9351 

353 39214 39224 39224 39223 39234 39241 39278 39287 39298 39296 39276 39274 39294 39291 39292 39273 39272 39282 39288 39290 39309 39312 39320 39318 39307 39306 39285 39242 39237 39227 39214 

118.2 85619 85653 85653 85628 85623 85582 85583 85596 85599 85604 85612 85615 85616 85617 85618 85619 

108.4 78963 79047 79047 79029 79022 79012 79011 79005 78999 78997 78989 78963 

35.4 86199 86206 86206 86204 86212 86208 86199 

42.9 78679 78715 78715 78719 78709 78708 78703 78690 78685 78679 

220.3 86624 86665 86665 86667 86663 86645 86615 86614 86661 86600 86592 86598 86602 86606 86607 86604 86617 86651 86643 86612 86584 86569 86563 86546 86540 86534 86532 86537 86562 86610 86624 

506.1 14356 14421 14421 14461 14489 14496 14589 14651 14722 14732 14739 14761 14767 14770 14785 14787 14804 14789 14802 14801 14800 14796 14781 14777 14694 14682 14668 14623 14551 14545 14519 14465 14464 14452 14455 14463 14453 14437 14436 14443 14356 

195.4 18805 18840 18840 18978 18981 18974 18955 18963 18898 18875 18791 18785 18787 18793 18815 18817 18804 18805 

166.6 51999 52021 52021 52025 52028 52072 52245 52247 52297 52303 52240 52243 52305 52146 52149 52129 52132 52255 52237 52233 52079 52095 51996 51993 51999 

504.1 50818 50841 50841 50843 50807 50484 50479 50485 50481 50539 50538 50602 50691 50687 50689 50661 50590 50572 50560 50547 50712 50730 50726 50682 50613 50588 50592 50759 50760 50753 50735 50729 50707 50711 50829 50842 50845 50853 50866 50873 50899 50933 50971 51060 51074 51061 51057 51030 51056 51053 51040 51001 50982 50979 50957 50915 50914 50919 50916 50909 50901 50852 50789 50799 50804 50800 50788 50784 50785 50818 

251.6 19141 19213 19213 19199 19137 19133 19131 19103 19114 19182 19184 19172 19156 19170 19173 19174 19157 19158 19145 19143 19147 19151 19154 19161 19180 19148 19155 19152 19150 19144 19106 19101 19141 

8.8 33509 33546 33546 33544 33543 33542 33541 33540 33536 33535 33509 

14.4 15025 15047 15047 15044 15042 15031 15025 

439.8 84754 84850 84850 84814 84812 84813 84826 84829 84830 84845 84817 84821 84820 84818 84819 84846 84849 84848 84840 84803 84783 84764 84759 84758 84755 84753 84754 

828 73732 73772 73772 73761 73751 73828 73847 73886 73672 73735 73822 73835 73839 73882 73879 73878 73774 73723 73669 73673 73657 73590 73869 73836 73814 73784 73613 73618 73637 73665 73660 73663 73767 73676 73843 73434 73433 73424 73411 73417 73404 73426 73615 73644 73639 73651 73650 73666 73820 73819 73821 73812 73811 73817 73818 73793 73770 73777 73771 73760 73764 73775 73776 73778 73782 73732 

873.9 50912 50956 50956 50968 50996 50981 50966 50979 50982 51001 51040 51053 51056 51030 51057 51061 51074 51060 50971 50933 50899 50873 50866 50853 50845 50842 50829 50711 50707 50729 50735 50753 50760 50759 50592 50588 50613 50682 50726 50730 50712 50547 50560 50572 50590 50661 50689 50687 50691 50602 50538 50539 50481 50485 50479 50484 50490 50517 50528 50512 50515 50521 50526 50543 50551 50565 50425 50424 50466 50467 50432 50461 50459 50448 50412 50394 50333 50315 50265 50261 50240 50169 50154 50100 50092 50096 50088 50089 50115 50110 50105 50174 50173 50181 50203 50179 50319 50340 50324 50314 50320 50322 50336 50433 50469 50504 50553 50596 50615 50638 50646 50766 50783 50850 50864 50878 50874 50877 50912 

43.5 1931 1966 1966 1969 1967 1957 1955 1940 1931 

59.5 17049 17140 17140 17119 17118 17120 17121 17106 17087 17084 17079 17072 17070 17071 17065 17059 17060 17049 

372.5 37047 37093 37093 37087 37081 37069 37058 37041 37035 36998 36981 36978 36974 36972 36944 36952 36956 36960 36964 36963 36962 36953 36948 36951 36949 36947 36945 36967 36976 36975 36988 37052 37053 37056 37034 37029 37027 37028 37026 37025 37030 37031 37048 37047 

808.5 26436 26497 26497 26499 26515 26517 26541 26544 26542 26563 26559 26560 26557 26621 26622 26624 26620 26623 26616 26609 26593 26592 26590 26589 26588 26603 26581 26578 26579 26596 26586 26595 26594 26582 26585 26597 26598 26602 26591 26574 26565 26551 26546 26545 26556 26548 26547 26543 26550 26465 26444 26442 26446 26447 26416 26413 26412 26411 26410 26406 26405 26436 

186.9 38346 38403 38403 38370 38365 38364 38395 38366 38347 38300 38319 38321 38320 38345 38357 38346 

95.5 13404 13447 13447 13451 13463 13462 13376 13371 13340 13330 13328 13321 13274 13263 13261 13293 13289 13288 13303 13343 13352 13365 13403 13404 

16.7 80013 80047 80047 80037 80013 

453.4 36541 36598 36598 36581 36569 36568 36567 36558 36559 36562 36561 36566 36565 36564 36563 36583 36584 36591 36586 36520 36519 36527 36526 36525 36524 36540 36595 36605 36606 36604 36613 36571 36570 36547 36546 36541 

59.4 34611 34663 34663 34668 34687 34702 34711 34728 34655 34649 34631 34619 34618 34613 34611 

228.6 79750 79794 79794 79795 79803 79801 79813 79814 79818 79821 79848 79854 79860 79866 79867 79875 79883 79884 79891 79894 79897 79920 79898 79892 79861 79859 79806 79787 79766 79747 79746 79748 79753 79750 

8.8 46671 46720 46720 46696 46690 46684 46674 46671 

5.8 78216 78227 78227 78218 78216 

9.7 36537 36557 36557 36554 36545 36537 

178.6 65681 65697 65697 65693 65632 65595 65593 65499 65458 65459 65524 65519 65580 65586 65589 65597 65590 65465 65452 65414 65369 65543 65551 65603 65677 65681 

6.4 84516 84520 84520 84516 

2 60551 60554 60554 60551 

65.1 52006 52082 52082 52088 52090 52084 52086 52098 52061 52058 52057 52052 52006 

13.2 9488 9574 9574 9572 9518 9521 9527 9529 9528 9525 9489 9488 

52.2 10432 10518 10518 10519 10520 10522 10526 10528 10529 10484 10469 10478 10466 10473 10476 10477 10465 10464 10463 10462 10459 10457 10453 10454 10432 

184.3 42108 42194 42194 42166 42165 42151 42143 42140 42139 42131 42122 42112 42108 

1108.6 27625 27711 27711 27691 27679 27677 27680 27681 27686 27687 27700 27702 27701 27692 27685 27678 27663 27660 27661 27642 27643 27644 27641 27648 27651 27671 27676 27693 27688 27683 27682 27684 27694 27698 27672 27662 27664 27665 27647 27646 27653 27654 27655 27657 27658 27659 27656 27639 27624 27625 

361.2 1065 1115 1115 1114 1113 1091 1087 1071 1072 1078 1059 1036 1076 1074 1075 1077 1073 1070 1063 1054 1027 1006 1008 1007 1010 1014 1013 1017 1022 1066 1058 1048 1064 1065 

74.2 18455 18460 18460 18463 18450 18447 18443 18414 18431 18464 18467 18444 18455 

358.5 63101 63168 63168 63169 63172 63188 63187 63222 63211 63152 63150 63140 63138 63119 63121 63133 63132 63129 63122 63118 63101 

492.4 55968 55975 55975 55995 55998 56062 56063 56070 56072 56076 56083 56075 56162 56169 56167 56140 56027 56012 55973 55966 55897 55865 55720 55717 55716 55712 55708 55694 55681 55674 55581 55578 55596 55595 55612 55634 55633 55601 55580 55573 55571 55569 55588 55532 55559 55615 55670 55700 55714 55728 55767 55842 55909 55963 55974 55968 

314.6 32476 32498 32498 32540 32547 32542 32541 32536 32523 32493 32468 32466 32448 32447 32441 32438 32437 32436 32435 32431 32427 32443 32420 32415 32407 32406 32442 32459 32476 

128.8 73231 73236 73236 73225 73224 73205 73234 73250 73253 73275 73298 73325 73326 73331 73348 73351 73350 73349 73353 73345 73370 73369 73344 73342 73343 73364 73413 73405 73317 73246 73240 73231 

9 27916 28014 28014 27986 27988 27962 27941 27923 27916 

111.4 47069 47110 47110 47118 47126 47130 47124 47137 47134 47135 47152 47162 47157 47155 47160 47161 47163 47153 47147 47149 47150 47144 47143 47142 47140 47123 47121 47088 47069 

31.3 66193 66217 66217 66141 66142 66143 66224 66227 66193 

798.5 71023 71087 71087 71058 71059 71060 71056 71030 71027 70998 70977 70981 70987 70872 70870 70861 70856 70848 70834 70807 70794 70793 70746 70744 70741 70738 70869 70882 70900 71050 71051 71031 71014 71011 71018 71017 71015 71001 70980 70904 70852 70780 70759 70771 70876 70844 70906 70914 70850 70887 70865 70893 70881 70943 70956 70967 70949 70941 70947 70957 70958 70974 70991 70979 70986 70996 70982 70968 70942 70953 70976 70997 71004 71005 71019 71023 

53.3 65321 65370 65370 65434 65390 65346 65332 65321 

67.6 38415 38475 38475 38458 38457 38455 38453 38415 

443.3 64092 64112 64112 64140 64141 64156 64179 64180 64264 64265 64269 64270 64289 64283 64285 64315 64502 64368 64479 64438 64379 64349 64351 64291 64268 64256 64244 64245 64243 64242 64257 64229 64225 64189 64203 64177 64163 64161 64154 64106 64092 

245.8 7500 7517 7517 7519 7520 7518 7512 7506 7507 7469 7468 7485 7487 7494 7493 7496 7498 7500 

833.4 49970 50062 50062 50066 50097 50111 50129 50186 50191 50256 50250 50271 50274 50287 50306 50288 50308 50368 50372 50353 50276 50137 50132 50120 50114 50123 50188 50192 50204 50233 50206 50213 50178 49853 49820 49801 49798 49779 49765 49745 49734 49718 49688 49700 49663 49703 49705 49742 49754 49789 49841 49838 49827 49833 49849 49842 49787 49732 49724 49749 49866 49962 50007 50311 50370 50415 50416 50444 50450 50448 50412 50394 50333 50315 50265 50261 50240 50169 50154 50100 50092 50096 50088 50089 50115 50110 50105 50174 50173 50181 50203 50223 50268 50289 50338 50325 50326 50381 50413 50398 50397 50395 50376 50344 50329 50286 50318 50334 50210 50196 50194 50180 50149 49970 

276 5554 5621 5621 5604 5606 5670 5684 5733 5732 5731 5730 5667 5658 5651 5649 5645 5642 5638 5637 5634 5630 5618 5639 5632 5631 5643 5451 5458 5526 5551 5563 5574 5566 5554 

374.2 4122 4215 4215 4223 4225 4237 4231 4230 4229 4221 4220 4219 4217 4207 4218 4224 4192 4201 4173 4166 4149 4122 

681.8 57734 57746 57746 57761 57762 57763 57764 57778 57771 57770 57767 57728 57730 57690 57723 57693 57644 57645 57647 57637 57665 57660 57643 57629 57623 57621 57625 57626 57622 57619 57617 57613 57616 57714 57716 57722 57697 57700 57699 57703 57733 57734 

816.2 28939 28945 28945 28959 29007 29006 29005 29012 29014 29011 28987 28978 28980 28982 28983 28984 28985 28991 28995 28996 28988 28990 28968 28969 28971 29015 29000 28979 28981 28975 28976 28973 28977 29037 29039 29033 29032 28970 28965 28966 28967 28992 28989 28986 28939 

155.3 31216 31302 31302 31298 31288 31277 31275 31274 31273 31267 31260 31256 31246 31238 31228 31229 31216 

76.5 73493 73515 73515 73495 73486 73502 73505 73491 73498 73479 73472 73474 73452 73460 73445 73400 73410 73444 73443 73481 73524 73551 73483 73446 73390 73429 73463 73493 

29.5 61129 61148 61148 61145 61146 61144 61142 61139 61129 

371.6 26400 26410 26410 26411 26412 26413 26416 26447 26446 26442 26444 26443 26437 26440 26439 26441 26434 26435 26417 26415 26414 26418 26400 

517.1 49298 49389 49389 49391 49509 49811 49817 49864 49902 49918 49951 50033 50006 50090 50081 50177 50225 50230 50256 50250 50271 50274 50287 50306 50288 50308 50368 50372 50353 50276 50137 50132 50120 50114 50123 50188 50192 50204 50233 49896 49771 49731 49706 49659 49628 49551 49494 49491 49488 49485 49484 49487 49489 49469 49470 49424 49432 49465 49404 49414 49412 49332 49330 49284 49270 49279 49293 49298 

79.5 5619 5646 5646 5648 5641 5602 5592 5541 5510 5513 5512 5543 5539 5568 5581 5577 5593 5584 5583 5570 5575 5578 5571 5572 5599 5607 5619 

410.7 63110 63147 63147 63162 63172 63188 63187 63222 63211 63152 63150 63140 63138 63119 63121 63133 63132 63131 63128 63137 63136 63143 63114 63112 63110 

121.2 87360 87383 87383 87387 87386 87385 87378 87375 87365 87361 87360 

489.7 10726 10815 10815 10835 10837 10843 10666 10767 10769 10662 10658 10670 10691 10660 10659 10672 10661 10637 10748 10879 10682 10595 10592 10590 10561 10562 10565 10589 10596 10543 10538 10712 10726 

284.5 2485 2506 2506 2522 2527 2541 2549 2554 2567 2571 2573 2588 2593 2595 2599 2606 2609 2613 2616 2621 2620 2617 2618 2582 2548 2501 2486 2485 

20.1 43424 43430 43430 43429 43428 43427 43425 43424 

154.9 40092 40190 40190 40195 40200 40183 40169 40133 40132 40118 40122 40091 40092 

7823.7 79290 79364 79364 79365 79371 79376 79382 79401 79407 79428 79417 79433 79439 79444 79465 79466 79474 79472 79471 79469 79467 79458 79485 79480 79477 79502 79507 79510 79508 79512 79516 49022 49036 49095 49109 49124 49136 49137 49135 49138 49154 49193 49155 49219 49223 49236 49258 49308 49334 49338 49390 49408 49472 49486 49485 49484 49487 49493 49497 49511 49515 49516 49518 49519 49522 49553 49684 49705 49742 49754 49789 49841 49838 49827 49833 49849 49842 49787 49732 49724 49749 49866 49962 50007 50311 50370 50415 50416 50444 50450 50448 50412 50428 50429 50585 50584 50664 50697 50715 50739 50742 50740 50725 50669 50662 50629 50605 50634 50628 50797 50890 50950 50959 50960 50978 50983 50993 51010 51009 51079 51085 51099 51115 51113 51073 51050 51019 51022 51029 51028 51033 51032 51027 51026 51023 51031 51045 51020 51037 51065 51112 51218 51221 51480 51479 51512 51514 51521 51546 51562 51684 51727 51775 51908 51959 51967 51986 63565 63566 63568 63570 63572 63573 63576 63579 63583 63584 63586 63590 63591 63593 63600 63603 63604 63607 63610 63612 63618 63622 63630 63648 58015 58016 58018 58021 58023 58025 58026 58028 58030 58031 58032 58029 58037 58041 58044 58048 58084 58107 58119 58135 58142 58143 58146 58180 58204 58232 58238 58250 58293 58300 58302 58297 58306 58326 58325 58336 58334 58339 58344 58338 58330 58335 58354 58369 58388 58395 58470 58499 58473 58437 58443 58447 58454 58455 58446 58381 58376 58379 58380 58386 58524 58528 58520 58519 58522 58546 58553 58556 58537 58529 58540 58547 58510 58422 58419 58424 58434 58458 58461 58535 58577 58582 58586 58594 58605 58607 58640 58644 58671 24428 24457 24459 24477 24474 24468 24463 24465 24469 24470 24471 24475 24476 24494 24499 24500 24501 24543 24544 24546 24547 24549 24548 24553 24563 24569 24572 24578 24579 24575 24581 24584 24586 24595 24599 24603 24604 24607 24601 24602 24597 24611 24615 24614 24610 24606 24594 24591 24593 24592 24588 22565 22559 22560 22557 22556 22562 22564 22567 22572 22573 22611 22639 22663 22754 22756 22755 22784 22788 22813 22837 22844 22848 22857 22889 22899 22898 22900 22902 22903 22906 22974 22990 23023 23068 23092 23093 23094 23113 23111 23115 23112 23152 23153 23161 23163 23179 23180 23178 23188 23185 23187 23184 23186 23189 23190 23206 23218 23220 23214 23216 23225 23195 23201 23183 23198 42255 42253 42254 42262 42264 42270 42273 42288 42289 42291 42290 42300 42301 42302 42307 42308 42303 42309 42304 42305 42322 42330 42368 42360 42365 42364 42362 42361 42366 42332 42327 42328 42331 42337 42338 42339 42353 42358 42363 42367 42379 42399 42406 42422 42425 42419 42417 42411 42410 42423 42427 27794 27800 27803 27832 27834 27833 27848 27860 27871 27872 28021 28028 28035 28020 27977 27955 27972 27948 27946 27945 27940 27959 27960 27962 27963 27964 27966 27936 27910 27909 27914 27903 27890 27889 27887 27894 27898 27942 27961 27973 28007 28018 28022 28078 28080 28082 28086 28097 28095 28125 28127 28128 28129 28168 28197 28198 28206 28215 28286 28291 28367 28375 28377 28378 28374 28376 28386 28401 28413 28414 28412 28410 28411 28415 28440 28474 28475 28476 28539 28538 28536 28537 28540 28530 28531 28562 28563 28546 28544 12633 12631 12628 12617 12618 12619 12620 12623 12611 12621 12624 12634 12648 12649 12647 12642 12643 12644 12645 12646 12641 12652 12654 12655 12663 12671 12675 12695 12697 12703 12699 12725 12709 12710 12713 12716 12717 12718 12719 12721 12722 12723 12724 12733 12751 12769 12780 12784 12794 47777 47769 47781 47805 47813 47816 47815 47818 47819 47820 47817 47809 47810 47808 47807 47798 47797 47799 47800 1726 1723 1715 1720 1722 1718 1729 1731 1734 1733 1724 1721 1719 1705 79285 79288 79268 79267 79269 79271 79270 79273 79275 79280 79284 79286 79290 

5.4 34251 34260 34260 34254 34252 34251 

8279.1 45963 46028 46028 46029 46030 46032 46027 46025 46026 79420 79415 79424 79437 79438 79436 79425 79433 79439 79444 79465 79466 79474 79472 79471 79469 79467 79458 79485 79480 79477 79502 79507 79510 79508 79512 79516 49022 49036 49095 49109 49124 49136 49137 49135 49138 49154 49193 49155 49219 49223 49236 49258 49308 49334 49338 49390 49408 49472 49486 49485 49484 49487 49493 49497 49511 49515 49516 49518 49519 49522 49553 49684 49705 49742 49754 49789 49841 49838 49827 49833 49849 49842 49787 49732 49724 49749 49866 49962 50007 50311 50370 50415 50416 50444 50450 50448 50412 50428 50429 50585 50584 50664 50697 50715 50739 50742 50740 50725 50669 50662 50629 50605 50634 50628 50797 50890 50950 50959 50960 50978 50983 50993 51010 51009 51079 51085 51099 51115 51113 51073 51050 51019 51022 51029 51028 51033 51032 51027 51026 51023 51031 51045 51020 51037 51065 51112 51218 51221 51480 51479 51512 51514 51521 51546 51562 51684 51727 51775 51908 51959 51967 51986 63565 63566 63568 63570 63572 63573 63576 63579 63583 63584 63586 63590 63591 63593 63600 63603 63604 63607 63610 63612 63618 63622 63630 63648 58015 58016 58018 58021 58023 58025 58026 58028 58030 58031 58032 58029 58037 58041 58044 58048 58084 58107 58119 58135 58142 58143 58146 58180 58204 58232 58238 58250 58293 58300 58302 58297 58306 58326 58325 58336 58334 58339 58344 58338 58330 58335 58354 58369 58388 58395 58470 58499 58473 58437 58443 58447 58454 58455 58446 58381 58376 58379 58380 58386 58524 58528 58520 58519 58522 58546 58553 58556 58537 58529 58540 58547 58510 58422 58419 58424 58434 58458 58461 58535 58577 58582 58586 58594 58605 58607 58640 58644 58671 24428 24457 24459 24477 24474 24468 24463 24465 24469 24470 24471 24475 24476 24494 24499 24500 24501 24543 24544 24546 24547 24549 24548 24553 24563 24569 24572 24578 24579 24575 24581 24584 24586 24595 24599 24603 24604 24607 24601 24602 24597 24611 24615 24614 24610 24606 24594 24591 24593 24592 24588 22565 22559 22560 22557 22556 22562 22564 22567 22572 22573 22611 22639 22663 22754 22756 22755 22784 22788 22813 22837 22844 22848 22857 22889 22899 22898 22900 22902 22903 22906 22974 22990 23023 23068 23092 23093 23094 23113 23111 23115 23112 23152 23153 23161 23163 23179 23180 23178 23188 23185 23187 23184 23186 23189 23190 23206 23218 23220 23214 23216 23225 23195 23201 23183 23198 42255 42253 42254 42262 42264 42270 42273 42288 42289 42291 42290 42300 42301 42302 42307 42308 42303 42309 42304 42305 42322 42330 42368 42360 42365 42364 42362 42361 42366 42332 42327 42328 42331 42337 42338 42339 42353 42358 42363 42367 42379 42399 42406 42422 42425 42419 42417 42411 42410 42423 42427 27794 27800 27803 27832 27834 27833 27848 27860 27871 27872 28021 28028 28035 28020 27977 27955 27972 27948 27946 27945 27940 27959 27960 27962 27963 27964 27966 27936 27910 27909 27914 27903 27890 27889 27887 27894 27898 27942 27961 27973 28007 28018 28022 28078 28080 28082 28086 28097 28095 28125 28127 28128 28129 28168 28197 28198 28206 28215 28286 28291 28367 28375 28377 28378 28374 28376 28386 28401 28413 28414 28412 28410 28411 28415 28440 28474 28475 28476 28539 28538 28536 28537 28540 28530 28531 28562 28563 28546 28544 12633 12631 12628 12617 12618 12619 12620 12623 12611 12621 12624 12634 12648 12649 12647 12642 12643 12644 12645 12646 12641 12652 12654 12655 12663 12671 12675 12695 12697 12703 12699 12725 12709 12710 12713 12716 12717 12718 12719 12721 12722 12723 12724 12733 12751 12769 12780 12784 12794 47777 47769 47781 47805 47813 47816 47815 47818 47819 47820 47817 47809 47810 47808 47807 47798 47797 47799 47800 1726 1723 1715 1720 1722 1718 1729 1731 1734 1733 1724 1721 1719 1705 79285 79288 79268 79267 79269 79271 79270 79273 79275 79280 79284 79286 79290 1709 1725 1728 45943 45952 45956 45959 45961 45963 

11.1 14801 14848 14848 14827 14826 14822 14813 14810 14805 14803 14800 14801 

127.6 62236 62291 62291 62295 62297 62215 62214 62207 62206 62236 

271.2 16970 17007 17007 17008 17011 17023 17028 17044 17058 17066 17068 17069 17070 17071 17077 17081 17090 17089 17094 17113 17111 17110 17109 17114 17073 17033 17010 16970 

31.6 83569 83608 83608 83605 83603 83606 83587 83583 83569 

508.5 81847 81877 81877 81878 81870 81875 81879 81893 81906 81910 81882 81885 81871 81829 81779 81771 81758 81755 81754 81740 81742 81746 81896 81886 81889 81856 81823 81786 81713 81694 81692 81732 81725 81724 81811 81866 81905 81853 81888 81847 

286 71700 71796 71796 71805 71870 71893 71888 71884 71864 71860 71865 71883 71871 71854 71792 71787 71844 71715 71668 71582 71573 71593 71594 71645 71678 71669 71683 71679 71676 71685 71789 71798 71689 71677 71684 71700 

322 26765 26842 26842 26845 26854 26855 26824 26817 26816 26798 26804 26801 26802 26803 26833 26838 26832 26834 26837 26794 26789 26775 26765 

153.6 1042 1133 1133 1028 1008 1006 1027 1054 1063 1070 1073 1042 

49.4 38219 38284 38284 38281 38282 38250 38252 38253 38254 38255 38251 38233 38241 38219 

243.1 77066 77134 77134 77140 77137 77151 77139 77142 77018 76987 76971 76963 76968 76957 76956 76949 76937 76939 76997 77066 

387.3 52178 52184 52184 52159 52219 52220 52218 52199 52208 52210 52230 52229 52250 52282 52333 52279 52242 52238 52273 52381 52383 52406 52411 52408 52409 52407 52405 52395 52319 52276 52288 52291 52294 52298 52308 52323 52312 52194 52179 52183 52182 52186 52166 52165 52164 52161 52158 52145 52139 52120 52225 52234 52188 52201 52156 52154 52124 52195 52215 52178 

33.5 189 234 234 222 211 210 189 

779.1 66320 66363 66363 66358 66329 66343 66340 66414 66424 66373 66371 66389 66468 66498 66500 66549 66502 66494 66448 66435 66397 66277 66399 66400 66417 66422 66430 66439 66479 66531 66544 66540 66487 66554 66786 66800 66865 66883 66891 66930 66681 66682 66905 66821 66679 66622 66591 66573 66523 66505 66386 66376 66253 66204 66141 66142 66143 66224 66227 66258 66249 66191 66200 66221 66235 66190 66181 66179 66199 66205 66207 66208 66209 66213 66144 66136 66175 66320 

9 9949 10030 10030 10027 9995 9949 

36.7 44118 44124 44124 44122 44113 44114 44115 44116 44117 44118 

138.1 67299 67308 67308 67325 67193 67131 67071 66993 66980 66982 66986 67016 67024 67092 67116 67138 67312 67317 67318 67323 67319 67299 

23.6 29956 29975 29975 29955 29933 29932 29956 

880.3 64391 64444 64444 64419 64337 64318 64313 64312 64319 64328 64329 64334 64344 64367 64330 64338 64335 64332 64356 64365 64389 64404 64421 64396 64378 64341 64339 64336 64345 64340 64331 64359 64370 64513 64502 64368 64479 64438 64379 64349 64351 64291 64268 64256 64244 64245 64243 64242 64257 64229 64235 64234 64232 64288 64407 64405 64346 64434 64471 64487 64497 64597 64600 64599 64598 64592 64528 64391 

100.8 81704 81761 81761 81800 81753 81729 81718 81710 81687 81673 81668 81662 81686 81685 81680 81679 81677 81681 81695 81704 

57.1 71966 71997 71997 71975 71972 71971 71969 71967 71966 

59.8 21355 21434 21434 21363 21354 21369 21355 

529.5 61182 61273 61273 61266 61267 61265 61268 61257 61264 61253 61252 61255 61248 61249 61225 61215 61216 61212 61219 61217 61213 61211 61210 61209 61195 61204 61198 61197 61189 61187 61152 61148 61145 61146 61144 61142 61139 61137 61140 61141 61147 61154 61162 61167 61168 61169 61182 

139.3 83836 83838 83838 83835 83841 83842 83840 83850 83849 83834 83829 83827 83826 83831 83836 

10 8931 8975 8975 8981 8983 8988 8931 

6274 0 5 5 2 1 0 

640.3 1 2 2 1 

4376.6 1 5 5 2 1 

5245.9 4 3 3 5 4 

3736.3 5 2 2 5 

85.7 23741 23768 23768 23754 23753 23752 23751 23737 23741 

5042 57134 57184 57184 57182 57183 57198 57221 57222 57260 57279 57294 57297 57333 57337 57341 57349 57354 57451 57462 57463 57466 57477 57487 57490 57499 57508 57506 57507 57512 57542 57540 57573 57603 57604 57605 57632 57655 57669 57674 57675 57676 57679 57680 57686 57698 38898 38904 38907 38905 38903 38902 38925 38985 38997 39008 39019 39026 39064 39065 39074 39081 39088 39096 39102 39119 39134 39141 39148 39190 39195 39196 39201 39216 39237 39242 39285 39317 39328 39331 39333 39343 39350 39410 39428 39461 39467 39468 39470 39492 39510 39513 39519 39533 39560 39601 39612 39627 39626 39628 39629 39636 39630 39665 39656 39663 39666 39668 39658 39660 39659 39661 39657 39654 39664 39690 39725 39724 84909 84908 84906 84905 84907 84914 84932 84936 84940 84959 84960 84961 84962 84986 85007 85019 85018 85022 85029 85025 85043 85044 85048 85047 85051 85054 85058 85060 85073 85074 85147 85169 85183 85307 85349 85367 85454 85455 85467 85510 85544 85557 85560 85565 85572 85614 85627 85651 85687 85703 85795 85811 85831 85842 85855 85878 85901 85911 86004 86039 86082 86118 86144 86168 86176 86199 86207 86209 86222 86306 86359 86419 86541 86570 86584 86613 86639 86702 86713 86725 86758 86774 86791 86793 86794 86822 86823 86891 21180 21217 21221 21226 21237 21238 21273 21274 21285 21311 21364 21388 21409 21414 21423 21431 21462 21469 21474 21475 21512 21532 21530 21534 21529 21562 21568 21565 21596 21626 21637 21663 21678 21715 21745 21772 21798 21817 21855 21873 21912 21933 21958 21963 24082 24160 24170 24193 24208 24213 24251 24263 24295 24301 24345 24351 24380 24401 24424 24434 24526 24574 24591 24617 24634 24653 24676 24699 24707 24740 24782 24805 24842 24901 24911 24932 24950 24956 24979 25003 25018 25026 25048 25065 25072 25092 25093 25098 25100 25110 25133 25140 25148 25149 25150 25151 25185 25193 25194 25224 25271 25283 25290 25294 25332 25373 25374 25383 25393 25397 25405 25403 25410 25409 25412 60408 60412 60413 60414 60424 60437 60456 60443 60445 60468 60485 60513 60516 60522 60526 60528 60527 60530 60532 60534 60535 60536 60541 60537 60518 60560 60576 60644 60646 60679 60680 60682 60687 60690 60701 60702 60699 60708 60709 60714 60720 60730 60727 60726 60725 60724 29247 29248 29249 29268 29303 29304 29312 29319 29317 60749 60750 60751 60770 60771 84257 84250 84244 84240 84238 84237 84246 84236 84281 84289 84336 84345 84404 84403 84402 84408 84423 84435 84440 84480 84498 84499 84508 84510 84518 84524 84541 84540 84545 84547 84558 84560 84566 84571 84568 84570 84573 84572 84569 84565 84562 81021 81048 81091 81266 81352 81386 81401 81416 81432 81447 81546 81694 81807 81825 54577 54584 54602 54614 54625 54632 54638 54745 54810 54843 54896 54914 54901 54907 54909 54928 54955 54963 54998 55066 55088 55092 55096 55098 55271 55419 55437 55488 55596 55704 55916 55926 55939 55985 56000 56046 56089 56092 56147 56389 56553 56556 56585 56594 56631 56642 56683 56715 56746 56744 56743 56759 56769 56777 56795 56821 56829 56893 56980 56983 56988 56998 57028 57030 57063 57066 57089 57102 57116 57109 57110 57112 57118 57127 57134 

5.2 73514 73538 73538 73535 73532 73523 73508 73498 73491 73505 73512 73514 

1056.5 57615 57648 57648 57646 57640 57641 57642 57666 57677 57725 57743 57731 57744 57732 57748 57758 57765 57781 57799 57800 57784 57777 57778 57771 57770 57767 57728 57730 57690 57723 57693 57644 57645 57647 57637 57665 57660 57643 57629 57623 57621 57625 57626 57622 57619 57617 57613 57616 57714 57716 57722 57697 57700 57699 57703 57704 57705 57706 57681 57662 57630 57634 57632 57633 57614 57615 

172.7 9351 9450 9450 9480 9560 9597 9586 9562 9544 9497 9469 9470 9374 9345 9278 9245 9172 9169 9155 9156 9157 9160 9166 9182 9116 9073 9081 9038 9031 9028 9027 9063 9079 9059 9060 9055 9029 9034 9036 9039 9040 9119 9122 9174 9167 9185 9177 9151 9165 9180 9178 9168 9152 9171 9187 9158 9193 9250 9241 9290 9276 9279 9284 9351 

353 39214 39224 39224 39223 39234 39241 39278 39287 39298 39296 39276 39274 39294 39291 39292 39273 39272 39282 39288 39290 39309 39312 39320 39318 39307 39306 39285 39242 39237 39227 39214 

118.2 85619 85653 85653 85628 85623 85582 85583 85596 85599 85604 85612 85615 85616 85617 85618 85619 

108.4 78963 79047 79047 79029 79022 79012 79011 79005 78999 78997 78989 78963 

35.4 86199 86206 86206 86204 86212 86208 86199 

42.9 78679 78715 78715 78719 78709 78708 78703 78690 78685 78679 

220.3 86624 86665 86665 86667 86663 86645 86615 86614 86661 86600 86592 86598 86602 86606 86607 86604 86617 86651 86643 86612 86584 86569 86563 86546 86540 86534 86532 86537 86562 86610 86624 

506.1 14356 14421 14421 14461 14489 14496 14589 14651 14722 14732 14739 14761 14767 14770 14785 14787 14804 14789 14802 14801 14800 14796 14781 14777 14694 14682 14668 14623 14551 14545 14519 14465 14464 14452 14455 14463 14453 14437 14436 14443 14356 

195.4 18805 18840 18840 18978 18981 18974 18955 18963 18898 18875 18791 18785 18787 18793 18815 18817 18804 18805 

166.6 51999 52021 52021 52025 52028 52072 52245 52247 52297 52303 52240 52243 52305 52146 52149 52129 52132 52255 52237 52233 52079 52095 51996 51993 51999 

504.1 50818 50841 50841 50843 50807 50484 50479 50485 50481 50539 50538 50602 50691 50687 50689 50661 50590 50572 50560 50547 50712 50730 50726 50682 50613 50588 50592 50759 50760 50753 50735 50729 50707 50711 50829 50842 50845 50853 50866 50873 50899 50933 50971 51060 51074 51061 51057 51030 51056 51053 51040 51001 50982 50979 50957 50915 50914 50919 50916 50909 50901 50852 50789 50799 50804 50800 50788 50784 50785 50818 

251.6 19141 19213 19213 19199 19137 19133 19131 19103 19114 19182 19184 19172 19156 19170 19173 19174 19157 19158 19145 19143 19147 19151 19154 19161 19180 19148 19155 19152 19150 19144 19106 19101 19141 

8.8 33509 33546 33546 33544 33543 33542 33541 33540 33536 33535 33509 

14.4 15025 15047 15047 15044 15042 15031 15025 

439.8 84754 84850 84850 84814 84812 84813 84826 84829 84830 84845 84817 84821 84820 84818 84819 84846 84849 84848 84840 84803 84783 84764 84759 84758 84755 84753 84754 

828 73732 73772 73772 73761 73751 73828 73847 73886 73672 73735 73822 73835 73839 73882 73879 73878 73774 73723 73669 73673 73657 73590 73869 73836 73814 73784 73613 73618 73637 73665 73660 73663 73767 73676 73843 73434 73433 73424 73411 73417 73404 73426 73615 73644 73639 73651 73650 73666 73820 73819 73821 73812 73811 73817 73818 73793 73770 73777 73771 73760 73764 73775 73776 73778 73782 73732 

873.9 50912 50956 50956 50968 50996 50981 50966 50979 50982 51001 51040 51053 51056 51030 51057 51061 51074 51060 50971 50933 50899 50873 50866 50853 50845 50842 50829 50711 50707 50729 50735 50753 50760 50759 50592 50588 50613 50682 50726 50730 50712 50547 50560 50572 50590 50661 50689 50687 50691 50602 50538 50539 50481 50485 50479 50484 50490 50517 50528 50512 50515 50521 50526 50543 50551 50565 50425 50424 50466 50467 50432 50461 50459 50448 50412 50394 50333 50315 50265 50261 50240 50169 50154 50100 50092 50096 50088 50089 50115 50110 50105 50174 50173 50181 50203 50179 50319 50340 50324 50314 50320 50322 50336 50433 50469 50504 50553 50596 50615 50638 50646 50766 50783 50850 50864 50878 50874 50877 50912 

43.5 1931 1966 1966 1969 1967 1957 1955 1940 1931 

59.5 17049 17140 17140 17119 17118 17120 17121 17106 17087 17084 17079 17072 17070 17071 17065 17059 17060 17049 

372.5 37047 37093 37093 37087 37081 37069 37058 37041 37035 36998 36981 36978 36974 36972 36944 36952 36956 36960 36964 36963 36962 36953 36948 36951 36949 36947 36945 36967 36976 36975 36988 37052 37053 37056 37034 37029 37027 37028 37026 37025 37030 37031 37048 37047 

808.5 26436 26497 26497 26499 26515 26517 26541 26544 26542 26563 26559 26560 26557 26621 26622 26624 26620 26623 26616 26609 26593 26592 26590 26589 26588 26603 26581 26578 26579 26596 26586 26595 26594 26582 26585 26597 26598 26602 26591 26574 26565 26551 26546 26545 26556 26548 26547 26543 26550 26465 26444 26442 26446 26447 26416 26413 26412 26411 26410 26406 26405 26436 

186.9 38346 38403 38403 38370 38365 38364 38395 38366 38347 38300 38319 38321 38320 38345 38357 38346 

95.5 13404 13447 13447 13451 13463 13462 13376 13371 13340 13330 13328 13321 13274 13263 13261 13293 13289 13288 13303 13343 13352 13365 13403 13404 

16.7 80013 80047 80047 80037 80013 

453.4 36541 36598 36598 36581 36569 36568 36567 36558 36559 36562 36561 36566 36565 36564 36563 36583 36584 36591 36586 36520 36519 36527 36526 36525 36524 36540 36595 36605 36606 36604 36613 36571 36570 36547 36546 36541 

59.4 34611 34663 34663 34668 34687 34702 34711 34728 34655 34649 34631 34619 34618 34613 34611 

228.6 79750 79794 79794 79795 79803 79801 79813 79814 79818 79821 79848 79854 79860 79866 79867 79875 79883 79884 79891 79894 79897 79920 79898 79892 79861 79859 79806 79787 79766 79747 79746 79748 79753 79750 

8.8 46671 46720 46720 46696 46690 46684 46674 46671 

5.8 78216 78227 78227 78218 78216 

9.7 36537 36557 36557 36554 36545 36537 

178.6 65681 65697 65697 65693 65632 65595 65593 65499 65458 65459 65524 65519 65580 65586 65589 65597 65590 65465 65452 65414 65369 65543 65551 65603 65677 65681 

6.4 84516 84520 84520 84516 

2 60551 60554 60554 60551 

65.1 52006 52082 52082 52088 52090 52084 52086 52098 52061 52058 52057 52052 52006 

13.2 9488 9574 9574 9572 9518 9521 9527 9529 9528 9525 9489 9488 

52.2 10432 10518 10518 10519 10520 10522 10526 10528 10529 10484 10469 10478 10466 10473 10476 10477 10465 10464 10463 10462 10459 10457 10453 10454 10432 

184.3 42108 42194 42194 42166 42165 42151 42143 42140 42139 42131 42122 42112 42108 

1108.6 27625 27711 27711 27691 27679 27677 27680 27681 27686 27687 27700 27702 27701 27692 27685 27678 27663 27660 27661 27642 27643 27644 27641 27648 27651 27671 27676 27693 27688 27683 27682 27684 27694 27698 27672 27662 27664 27665 27647 27646 27653 27654 27655 27657 27658 27659 27656 27639 27624 27625 

361.2 1065 1115 1115 1114 1113 1091 1087 1071 1072 1078 1059 1036 1076 1074 1075 1077 1073 1070 1063 1054 1027 1006 1008 1007 1010 1014 1013 1017 1022 1066 1058 1048 1064 1065 

74.2 18455 18460 18460 18463 18450 18447 18443 18414 18431 18464 18467 18444 18455 

358.5 63101 63168 63168 63169 63172 63188 63187 63222 63211 63152 63150 63140 63138 63119 63121 63133 63132 63129 63122 63118 63101 

492.4 55968 55975 55975 55995 55998 56062 56063 56070 56072 56076 56083 56075 56162 56169 56167 56140 56027 56012 55973 55966 55897 55865 55720 55717 55716 55712 55708 55694 55681 55674 55581 55578 55596 55595 55612 55634 55633 55601 55580 55573 55571 55569 55588 55532 55559 55615 55670 55700 55714 55728 55767 55842 55909 55963 55974 55968 

314.6 32476 32498 32498 32540 32547 32542 32541 32536 32523 32493 32468 32466 32448 32447 32441 32438 32437 32436 32435 32431 32427 32443 32420 32415 32407 32406 32442 32459 32476 

128.8 73231 73236 73236 73225 73224 73205 73234 73250 73253 73275 73298 73325 73326 73331 73348 73351 73350 73349 73353 73345 73370 73369 73344 73342 73343 73364 73413 73405 73317 73246 73240 73231 

9 27916 28014 28014 27986 27988 27962 27941 27923 27916 

111.4 47069 47110 47110 47118 47126 47130 47124 47137 47134 47135 47152 47162 47157 47155 47160 47161 47163 47153 47147 47149 47150 47144 47143 47142 47140 47123 47121 47088 47069 

31.3 66193 66217 66217 66141 66142 66143 66224 66227 66193 

798.5 71023 71087 71087 71058 71059 71060 71056 71030 71027 70998 70977 70981 70987 70872 70870 70861 70856 70848 70834 70807 70794 70793 70746 70744 70741 70738 70869 70882 70900 71050 71051 71031 71014 71011 71018 71017 71015 71001 70980 70904 70852 70780 70759 70771 70876 70844 70906 70914 70850 70887 70865 70893 70881 70943 70956 70967 70949 70941 70947 70957 70958 70974 70991 70979 70986 70996 70982 70968 70942 70953 70976 70997 71004 71005 71019 71023 

53.3 65321 65370 65370 65434 65390 65346 65332 65321 

67.6 38415 38475 38475 38458 38457 38455 38453 38415 

443.3 64092 64112 64112 64140 64141 64156 64179 64180 64264 64265 64269 64270 64289 64283 64285 64315 64502 64368 64479 64438 64379 64349 64351 64291 64268 64256 64244 64245 64243 64242 64257 64229 64225 64189 64203 64177 64163 64161 64154 64106 64092 

245.8 7500 7517 7517 7519 7520 7518 7512 7506 7507 7469 7468 7485 7487 7494 7493 7496 7498 7500 

833.4 49970 50062 50062 50066 50097 50111 50129 50186 50191 50256 50250 50271 50274 50287 50306 50288 50308 50368 50372 50353 50276 50137 50132 50120 50114 50123 50188 50192 50204 50233 50206 50213 50178 49853 49820 49801 49798 49779 49765 49745 49734 49718 49688 49700 49663 49703 49705 49742 49754 49789 49841 49838 49827 49833 49849 49842 49787 49732 49724 49749 49866 49962 50007 50311 50370 50415 50416 50444 50450 50448 50412 50394 50333 50315 50265 50261 50240 50169 50154 50100 50092 50096 50088 50089 50115 50110 50105 50174 50173 50181 50203 50223 50268 50289 50338 50325 50326 50381 50413 50398 50397 50395 50376 50344 50329 50286 50318 50334 50210 50196 50194 50180 50149 49970 

276 5554 5621 5621 5604 5606 5670 5684 5733 5732 5731 5730 5667 5658 5651 5649 5645 5642 5638 5637 5634 5630 5618 5639 5632 5631 5643 5451 5458 5526 5551 5563 5574 5566 5554 

374.2 4122 4215 4215 4223 4225 4237 4231 4230 4229 4221 4220 4219 4217 4207 4218 4224 4192 4201 4173 4166 4149 4122 

681.8 57734 57746 57746 57761 57762 57763 57764 57778 57771 57770 57767 57728 57730 57690 57723 57693 57644 57645 57647 57637 57665 57660 57643 57629 57623 57621 57625 57626 57622 57619 57617 57613 57616 57714 57716 57722 57697 57700 57699 57703 57733 57734 

816.2 28939 28945 28945 28959 29007 29006 29005 29012 29014 29011 28987 28978 28980 28982 28983 28984 28985 28991 28995 28996 28988 28990 28968 28969 28971 29015 29000 28979 28981 28975 28976 28973 28977 29037 29039 29033 29032 28970 28965 28966 28967 28992 28989 28986 28939 

155.3 31216 31302 31302 31298 31288 31277 31275 31274 31273 31267 31260 31256 31246 31238 31228 31229 31216 

76.5 73493 73515 73515 73495 73486 73502 73505 73491 73498 73479 73472 73474 73452 73460 73445 73400 73410 73444 73443 73481 73524 73551 73483 73446 73390 73429 73463 73493 

29.5 61129 61148 61148 61145 61146 61144 61142 61139 61129 

371.6 26400 26410 26410 26411 26412 26413 26416 26447 26446 26442 26444 26443 26437 26440 26439 26441 26434 26435 26417 26415 26414 26418 26400 

517.1 49298 49389 49389 49391 49509 49811 49817 49864 49902 49918 49951 50033 50006 50090 50081 50177 50225 50230 50256 50250 50271 50274 50287 50306 50288 50308 50368 50372 50353 50276 50137 50132 50120 50114 50123 50188 50192 50204 50233 49896 49771 49731 49706 49659 49628 49551 49494 49491 49488 49485 49484 49487 49489 49469 49470 49424 49432 49465 49404 49414 49412 49332 49330 49284 49270 49279 49293 49298 

79.5 5619 5646 5646 5648 5641 5602 5592 5541 5510 5513 5512 5543 5539 5568 5581 5577 5593 5584 5583 5570 5575 5578 5571 5572 5599 5607 5619 

410.7 63110 63147 63147 63162 63172 63188 63187 63222 63211 63152 63150 63140 63138 63119 63121 63133 63132 63131 63128 63137 63136 63143 63114 63112 63110 

121.2 87360 87383 87383 87387 87386 87385 87378 87375 87365 87361 87360 

489.7 10726 10815 10815 10835 10837 10843 10666 10767 10769 10662 10658 10670 10691 10660 10659 10672 10661 10637 10748 10879 10682 10595 10592 10590 10561 10562 10565 10589 10596 10543 10538 10712 10726 

284.5 2485 2506 2506 2522 2527 2541 2549 2554 2567 2571 2573 2588 2593 2595 2599 2606 2609 2613 2616 2621 2620 2617 2618 2582 2548 2501 2486 2485 

20.1 43424 43430 43430 43429 43428 43427 43425 43424 

154.9 40092 40190 40190 40195 40200 40183 40169 40133 40132 40118 40122 40091 40092 

7823.7 79290 79364 79364 79365 79371 79376 79382 79401 79407 79428 79417 79433 79439 79444 79465 79466 79474 79472 79471 79469 79467 79458 79485 79480 79477 79502 79507 79510 79508 79512 79516 49022 49036 49095 49109 49124 49136 49137 49135 49138 49154 49193 49155 49219 49223 49236 49258 49308 49334 49338 49390 49408 49472 49486 49485 49484 49487 49493 49497 49511 49515 49516 49518 49519 49522 49553 49684 49705 49742 49754 49789 49841 49838 49827 49833 49849 49842 49787 49732 49724 49749 49866 49962 50007 50311 50370 50415 50416 50444 50450 50448 50412 50428 50429 50585 50584 50664 50697 50715 50739 50742 50740 50725 50669 50662 50629 50605 50634 50628 50797 50890 50950 50959 50960 50978 50983 50993 51010 51009 51079 51085 51099 51115 51113 51073 51050 51019 51022 51029 51028 51033 51032 51027 51026 51023 51031 51045 51020 51037 51065 51112 51218 51221 51480 51479 51512 51514 51521 51546 51562 51684 51727 51775 51908 51959 51967 51986 63565 63566 63568 63570 63572 63573 63576 63579 63583 63584 63586 63590 63591 63593 63600 63603 63604 63607 63610 63612 63618 63622 63630 63648 58015 58016 58018 58021 58023 58025 58026 58028 58030 58031 58032 58029 58037 58041 58044 58048 58084 58107 58119 58135 58142 58143 58146 58180 58204 58232 58238 58250 58293 58300 58302 58297 58306 58326 58325 58336 58334 58339 58344 58338 58330 58335 58354 58369 58388 58395 58470 58499 58473 58437 58443 58447 58454 58455 58446 58381 58376 58379 58380 58386 58524 58528 58520 58519 58522 58546 58553 58556 58537 58529 58540 58547 58510 58422 58419 58424 58434 58458 58461 58535 58577 58582 58586 58594 58605 58607 58640 58644 58671 24428 24457 24459 24477 24474 24468 24463 24465 24469 24470 24471 24475 24476 24494 24499 24500 24501 24543 24544 24546 24547 24549 24548 24553 24563 24569 24572 24578 24579 24575 24581 24584 24586 24595 24599 24603 24604 24607 24601 24602 24597 24611 24615 24614 24610 24606 24594 24591 24593 24592 24588 22565 22559 22560 22557 22556 22562 22564 22567 22572 22573 22611 22639 22663 22754 22756 22755 22784 22788 22813 22837 22844 22848 22857 22889 22899 22898 22900 22902 22903 22906 22974 22990 23023 23068 23092 23093 23094 23113 23111 23115 23112 23152 23153 23161 23163 23179 23180 23178 23188 23185 23187 23184 23186 23189 23190 23206 23218 23220 23214 23216 23225 23195 23201 23183 23198 42255 42253 42254 42262 42264 42270 42273 42288 42289 42291 42290 42300 42301 42302 42307 42308 42303 42309 42304 42305 42322 42330 42368 42360 42365 42364 42362 42361 42366 42332 42327 42328 42331 42337 42338 42339 42353 42358 42363 42367 42379 42399 42406 42422 42425 42419 42417 42411 42410 42423 42427 27794 27800 27803 27832 27834 27833 27848 27860 27871 27872 28021 28028 28035 28020 27977 27955 27972 27948 27946 27945 27940 27959 27960 27962 27963 27964 27966 27936 27910 27909 27914 27903 27890 27889 27887 27894 27898 27942 27961 27973 28007 28018 28022 28078 28080 28082 28086 28097 28095 28125 28127 28128 28129 28168 28197 28198 28206 28215 28286 28291 28367 28375 28377 28378 28374 28376 28386 28401 28413 28414 28412 28410 28411 28415 28440 28474 28475 28476 28539 28538 28536 28537 28540 28530 28531 28562 28563 28546 28544 12633 12631 12628 12617 12618 12619 12620 12623 12611 12621 12624 12634 12648 12649 12647 12642 12643 12644 12645 12646 12641 12652 12654 12655 12663 12671 12675 12695 12697 12703 12699 12725 12709 12710 12713 12716 12717 12718 12719 12721 12722 12723 12724 12733 12751 12769 12780 12784 12794 47777 47769 47781 47805 47813 47816 47815 47818 47819 47820 47817 47809 47810 47808 47807 47798 47797 47799 47800 1726 1723 1715 1720 1722 1718 1729 1731 1734 1733 1724 1721 1719 1705 79285 79288 79268 79267 79269 79271 79270 79273 79275 79280 79284 79286 79290 

5.4 34251 34260 34260 34254 34252 34251 

8279.1 45963 46028 46028 46029 46030 46032 46027 46025 46026 79420 79415 79424 79437 79438 79436 79425 79433 79439 79444 79465 79466 79474 79472 79471 79469 79467 79458 79485 79480 79477 79502 79507 79510 79508 79512 79516 49022 49036 49095 49109 49124 49136 49137 49135 49138 49154 49193 49155 49219 49223 49236 49258 49308 49334 49338 49390 49408 49472 49486 49485 49484 49487 49493 49497 49511 49515 49516 49518 49519 49522 49553 49684 49705 49742 49754 49789 49841 49838 49827 49833 49849 49842 49787 49732 49724 49749 49866 49962 50007 50311 50370 50415 50416 50444 50450 50448 50412 50428 50429 50585 50584 50664 50697 50715 50739 50742 50740 50725 50669 50662 50629 50605 50634 50628 50797 50890 50950 50959 50960 50978 50983 50993 51010 51009 51079 51085 51099 51115 51113 51073 51050 51019 51022 51029 51028 51033 51032 51027 51026 51023 51031 51045 51020 51037 51065 51112 51218 51221 51480 51479 51512 51514 51521 51546 51562 51684 51727 51775 51908 51959 51967 51986 63565 63566 63568 63570 63572 63573 63576 63579 63583 63584 63586 63590 63591 63593 63600 63603 63604 63607 63610 63612 63618 63622 63630 63648 58015 58016 58018 58021 58023 58025 58026 58028 58030 58031 58032 58029 58037 58041 58044 58048 58084 58107 58119 58135 58142 58143 58146 58180 58204 58232 58238 58250 58293 58300 58302 58297 58306 58326 58325 58336 58334 58339 58344 58338 58330 58335 58354 58369 58388 58395 58470 58499 58473 58437 58443 58447 58454 58455 58446 58381 58376 58379 58380 58386 58524 58528 58520 58519 58522 58546 58553 58556 58537 58529 58540 58547 58510 58422 58419 58424 58434 58458 58461 58535 58577 58582 58586 58594 58605 58607 58640 58644 58671 24428 24457 24459 24477 24474 24468 24463 24465 24469 24470 24471 24475 24476 24494 24499 24500 24501 24543 24544 24546 24547 24549 24548 24553 24563 24569 24572 24578 24579 24575 24581 24584 24586 24595 24599 24603 24604 24607 24601 24602 24597 24611 24615 24614 24610 24606 24594 24591 24593 24592 24588 22565 22559 22560 22557 22556 22562 22564 22567 22572 22573 22611 22639 22663 22754 22756 22755 22784 22788 22813 22837 22844 22848 22857 22889 22899 22898 22900 22902 22903 22906 22974 22990 23023 23068 23092 23093 23094 23113 23111 23115 23112 23152 23153 23161 23163 23179 23180 23178 23188 23185 23187 23184 23186 23189 23190 23206 23218 23220 23214 23216 23225 23195 23201 23183 23198 42255 42253 42254 42262 42264 42270 42273 42288 42289 42291 42290 42300 42301 42302 42307 42308 42303 42309 42304 42305 42322 42330 42368 42360 42365 42364 42362 42361 42366 42332 42327 42328 42331 42337 42338 42339 42353 42358 42363 42367 42379 42399 42406 42422 42425 42419 42417 42411 42410 42423 42427 27794 27800 27803 27832 27834 27833 27848 27860 27871 27872 28021 28028 28035 28020 27977 27955 27972 27948 27946 27945 27940 27959 27960 27962 27963 27964 27966 27936 27910 27909 27914 27903 27890 27889 27887 27894 27898 27942 27961 27973 28007 28018 28022 28078 28080 28082 28086 28097 28095 28125 28127 28128 28129 28168 28197 28198 28206 28215 28286 28291 28367 28375 28377 28378 28374 28376 28386 28401 28413 28414 28412 28410 28411 28415 28440 28474 28475 28476 28539 28538 28536 28537 28540 28530 28531 28562 28563 28546 28544 12633 12631 12628 12617 12618 12619 12620 12623 12611 12621 12624 12634 12648 12649 12647 12642 12643 12644 12645 12646 12641 12652 12654 12655 12663 12671 12675 12695 12697 12703 12699 12725 12709 12710 12713 12716 12717 12718 12719 12721 12722 12723 12724 12733 12751 12769 12780 12784 12794 47777 47769 47781 47805 47813 47816 47815 47818 47819 47820 47817 47809 47810 47808 47807 47798 47797 47799 47800 1726 1723 1715 1720 1722 1718 1729 1731 1734 1733 1724 1721 1719 1705 79285 79288 79268 79267 79269 79271 79270 79273 79275 79280 79284 79286 79290 1709 1725 1728 45943 45952 45956 45959 45961 45963 

11.1 14801 14848 14848 14827 14826 14822 14813 14810 14805 14803 14800 14801 

127.6 62236 62291 62291 62295 62297 62215 62214 62207 62206 62236 

271.2 16970 17007 17007 17008 17011 17023 17028 17044 17058 17066 17068 17069 17070 17071 17077 17081 17090 17089 17094 17113 17111 17110 17109 17114 17073 17033 17010 16970 

31.6 83569 83608 83608 83605 83603 83606 83587 83583 83569 

508.5 81847 81877 81877 81878 81870 81875 81879 81893 81906 81910 81882 81885 81871 81829 81779 81771 81758 81755 81754 81740 81742 81746 81896 81886 81889 81856 81823 81786 81713 81694 81692 81732 81725 81724 81811 81866 81905 81853 81888 81847 

286 71700 71796 71796 71805 71870 71893 71888 71884 71864 71860 71865 71883 71871 71854 71792 71787 71844 71715 71668 71582 71573 71593 71594 71645 71678 71669 71683 71679 71676 71685 71789 71798 71689 71677 71684 71700 

322 26765 26842 26842 26845 26854 26855 26824 26817 26816 26798 26804 26801 26802 26803 26833 26838 26832 26834 26837 26794 26789 26775 26765 

153.6 1042 1133 1133 1028 1008 1006 1027 1054 1063 1070 1073 1042 

49.4 38219 38284 38284 38281 38282 38250 38252 38253 38254 38255 38251 38233 38241 38219 

243.1 77066 77134 77134 77140 77137 77151 77139 77142 77018 76987 76971 76963 76968 76957 76956 76949 76937 76939 76997 77066 

387.3 52178 52184 52184 52159 52219 52220 52218 52199 52208 52210 52230 52229 52250 52282 52333 52279 52242 52238 52273 52381 52383 52406 52411 52408 52409 52407 52405 52395 52319 52276 52288 52291 52294 52298 52308 52323 52312 52194 52179 52183 52182 52186 52166 52165 52164 52161 52158 52145 52139 52120 52225 52234 52188 52201 52156 52154 52124 52195 52215 52178 

33.5 189 234 234 222 211 210 189 

779.1 66320 66363 66363 66358 66329 66343 66340 66414 66424 66373 66371 66389 66468 66498 66500 66549 66502 66494 66448 66435 66397 66277 66399 66400 66417 66422 66430 66439 66479 66531 66544 66540 66487 66554 66786 66800 66865 66883 66891 66930 66681 66682 66905 66821 66679 66622 66591 66573 66523 66505 66386 66376 66253 66204 66141 66142 66143 66224 66227 66258 66249 66191 66200 66221 66235 66190 66181 66179 66199 66205 66207 66208 66209 66213 66144 66136 66175 66320 

9 9949 10030 10030 10027 9995 9949 

36.7 44118 44124 44124 44122 44113 44114 44115 44116 44117 44118 

138.1 67299 67308 67308 67325 67193 67131 67071 66993 66980 66982 66986 67016 67024 67092 67116 67138 67312 67317 67318 67323 67319 67299 

23.6 29956 29975 29975 29955 29933 29932 29956 

880.3 64391 64444 64444 64419 64337 64318 64313 64312 64319 64328 64329 64334 64344 64367 64330 64338 64335 64332 64356 64365 64389 64404 64421 64396 64378 64341 64339 64336 64345 64340 64331 64359 64370 64513 64502 64368 64479 64438 64379 64349 64351 64291 64268 64256 64244 64245 64243 64242 64257 64229 64235 64234 64232 64288 64407 64405 64346 64434 64471 64487 64497 64597 64600 64599 64598 64592 64528 64391 

100.8 81704 81761 81761 81800 81753 81729 81718 81710 81687 81673 81668 81662 81686 81685 81680 81679 81677 81681 81695 81704 

57.1 71966 71997 71997 71975 71972 71971 71969 71967 71966 

59.8 21355 21434 21434 21363 21354 21369 21355 

529.5 61182 61273 61273 61266 61267 61265 61268 61257 61264 61253 61252 61255 61248 61249 61225 61215 61216 61212 61219 61217 61213 61211 61210 61209 61195 61204 61198 61197 61189 61187 61152 61148 61145 61146 61144 61142 61139 61137 61140 61141 61147 61154 61162 61167 61168 61169 61182 

139.3 83836 83838 83838 83835 83841 83842 83840 83850 83849 83834 83829 83827 83826 83831 83836 

10 8931 8975 8975 8981 8983 8988 8931 

